439 6694 231 172
1 0 76.0004
0 1 76.0004
2 0 60.4906
0 2 60.4906
3 2 70.7599
2 3 70.7599
4 2 66.4878
2 4 66.4878
5 2 84.3793
2 5 84.3793
6 4 38.6651
4 6 38.6651
7 5 23.4241
5 7 23.4241
8 3 72.9242
3 8 72.9242
9 7 23.162
7 9 23.162
10 5 86.7834
5 10 86.7834
11 6 27.5579
6 11 27.5579
12 5 85.0022
5 12 85.0022
13 9 91.0171
9 13 91.0171
14 11 97.7435
11 14 97.7435
15 2 65.6877
2 15 65.6877
16 11 22.9771
11 16 22.9771
17 5 51.5626
5 17 51.5626
18 15 42.8999
15 18 42.8999
19 1 50.3142
1 19 50.3142
20 18 58.152
18 20 58.152
21 19 98.8534
19 21 98.8534
22 9 50.6515
9 22 50.6515
23 16 46.9982
16 23 46.9982
24 10 41.1306
10 24 41.1306
25 14 46.2359
14 25 46.2359
26 7 99.8626
7 26 99.8626
27 20 86.4605
20 27 86.4605
28 16 38.4604
16 28 38.4604
29 27 25.9565
27 29 25.9565
30 3 34.5865
3 30 34.5865
31 30 27.6072
30 31 27.6072
32 3 52.8885
3 32 52.8885
33 19 96.6126
19 33 96.6126
34 12 82.7402
12 34 82.7402
35 29 74.665
29 35 74.665
36 1 83.1878
1 36 83.1878
37 2 32.3986
2 37 32.3986
38 11 98.2809
11 38 98.2809
39 27 78.2538
27 39 78.2538
40 37 10.4974
37 40 10.4974
41 32 61.5286
32 41 61.5286
42 26 62.5435
26 42 62.5435
43 7 40.8018
7 43 40.8018
44 40 36.602
40 44 36.602
45 3 41.4844
3 45 41.4844
46 39 56.8708
39 46 56.8708
47 19 89.0164
19 47 89.0164
48 18 91.2714
18 48 91.2714
49 29 99.8006
29 49 99.8006
50 24 90.44
24 50 90.44
51 10 80.823
10 51 80.823
52 38 26.099
38 52 26.099
53 3 28.9112
3 53 28.9112
54 0 18.8128
0 54 18.8128
55 13 67.2105
13 55 67.2105
56 30 71.0752
30 56 71.0752
57 43 95.3524
43 57 95.3524
58 40 64.672
40 58 64.672
59 9 37.5221
9 59 37.5221
60 28 78.6225
28 60 78.6225
61 55 51.7228
55 61 51.7228
62 11 97.9118
11 62 97.9118
63 3 46.3684
3 63 46.3684
64 9 61.1775
9 64 61.1775
65 21 92.4817
21 65 92.4817
66 54 47.0768
54 66 47.0768
67 37 65.5649
37 67 65.5649
68 12 70.1177
12 68 70.1177
69 43 15.5771
43 69 15.5771
70 19 43.3342
19 70 43.3342
71 35 17.8908
35 71 17.8908
72 37 97.6551
37 72 97.6551
73 12 25.016
12 73 25.016
74 24 52.0156
24 74 52.0156
75 36 54.6993
36 75 54.6993
76 27 10.1758
27 76 10.1758
77 72 35.2001
72 77 35.2001
78 73 19.4033
73 78 19.4033
79 0 17.3453
0 79 17.3453
80 21 49.5282
21 80 49.5282
81 34 69.0783
34 81 69.0783
82 34 22.9311
34 82 22.9311
83 28 96.3114
28 83 96.3114
84 69 61.5235
69 84 61.5235
85 74 94.4307
74 85 94.4307
86 69 42.8625
69 86 42.8625
87 63 58.8321
63 87 58.8321
88 16 35.893
16 88 35.893
89 68 44.5146
68 89 44.5146
90 20 34.0072
20 90 34.0072
91 63 39.9776
63 91 39.9776
92 25 55.0016
25 92 55.0016
93 59 83.1615
59 93 83.1615
94 57 65.3938
57 94 65.3938
95 57 70.1995
57 95 70.1995
96 76 12.4578
76 96 12.4578
97 78 37.3014
78 97 37.3014
98 72 90.1398
72 98 90.1398
99 68 99.9232
68 99 99.9232
100 92 43.8007
92 100 43.8007
101 87 56.2075
87 101 56.2075
102 16 27.5177
16 102 27.5177
103 70 48.8411
70 103 48.8411
104 60 15.8269
60 104 15.8269
105 61 48.0006
61 105 48.0006
106 85 45.4478
85 106 45.4478
107 34 57.5573
34 107 57.5573
108 65 52.7701
65 108 52.7701
109 84 14.8464
84 109 14.8464
110 64 12.7928
64 110 12.7928
111 55 25.0203
55 111 25.0203
112 39 92.3395
39 112 92.3395
113 32 71.8625
32 113 71.8625
114 19 37.5689
19 114 37.5689
115 75 66.7169
75 115 66.7169
116 95 44.7885
95 116 44.7885
117 91 37.4011
91 117 37.4011
118 85 63.0142
85 118 63.0142
119 84 70.0501
84 119 70.0501
120 91 16.5439
91 120 16.5439
121 112 23.4208
112 121 23.4208
122 25 83.7789
25 122 83.7789
123 8 20.2867
8 123 20.2867
124 45 70.6209
45 124 70.6209
125 53 28.4537
53 125 28.4537
126 1 12.7219
1 126 12.7219
127 19 16.0884
19 127 16.0884
128 4 54.7392
4 128 54.7392
129 23 22.1646
23 129 22.1646
130 32 72.695
32 130 72.695
131 94 25.3637
94 131 25.3637
132 32 64.3858
32 132 64.3858
133 37 22.0121
37 133 22.0121
134 119 75.2922
119 134 75.2922
135 103 24.8386
103 135 24.8386
136 80 82.1031
80 136 82.1031
137 103 74.6219
103 137 74.6219
138 20 35.5194
20 138 35.5194
139 36 58.2147
36 139 58.2147
140 13 22.1383
13 140 22.1383
141 1 66.8675
1 141 66.8675
142 18 68.5991
18 142 68.5991
143 49 43.1368
49 143 43.1368
144 25 95.6072
25 144 95.6072
145 71 62.4347
71 145 62.4347
146 0 15.4548
0 146 15.4548
147 76 12.136
76 147 12.136
148 49 63.3767
49 148 63.3767
149 136 78.9708
136 149 78.9708
150 117 89.5222
117 150 89.5222
151 103 14.5276
103 151 14.5276
152 101 89.2566
101 152 89.2566
153 26 31.522
26 153 31.522
154 48 66.6705
48 154 66.6705
155 130 15.1323
130 155 15.1323
156 97 27.647
97 156 27.647
157 41 44.5983
41 157 44.5983
158 90 69.3668
90 158 69.3668
159 59 65.0174
59 159 65.0174
160 105 68.6777
105 160 68.6777
161 123 93.7483
123 161 93.7483
162 118 69.4826
118 162 69.4826
163 157 47.673
157 163 47.673
164 66 24.1353
66 164 24.1353
165 56 41.4452
56 165 41.4452
166 120 77.9917
120 166 77.9917
167 114 92.1591
114 167 92.1591
168 53 49.0594
53 168 49.0594
169 131 30.9618
131 169 30.9618
170 127 90.5113
127 170 90.5113
171 95 91.14
95 171 91.14
172 73 71.0481
73 172 71.0481
173 50 63.7474
50 173 63.7474
174 41 83.8512
41 174 83.8512
175 57 94.4989
57 175 94.4989
176 33 53.7304
33 176 53.7304
177 27 26.4473
27 177 26.4473
178 102 11.3454
102 178 11.3454
179 93 91.5206
93 179 91.5206
180 126 60.436
126 180 60.436
181 151 54.9778
151 181 54.9778
182 26 67.4589
26 182 67.4589
183 11 26.7034
11 183 26.7034
184 87 52.7949
87 184 52.7949
185 91 82.9991
91 185 82.9991
186 111 32.4785
111 186 32.4785
187 106 93.2685
106 187 93.2685
188 75 40.166
75 188 40.166
189 64 16.1118
64 189 16.1118
190 126 69.3167
126 190 69.3167
191 12 46.7103
12 191 46.7103
192 129 75.7396
129 192 75.7396
193 24 62.1772
24 193 62.1772
194 4 25.7945
4 194 25.7945
195 34 47.033
34 195 47.033
196 16 48.4163
16 196 48.4163
197 111 34.621
111 197 34.621
198 142 89.5468
142 198 89.5468
199 76 57.3306
76 199 57.3306
200 29 84.7003
29 200 84.7003
201 2 15.7579
2 201 15.7579
202 184 38.2364
184 202 38.2364
203 183 61.6734
183 203 61.6734
204 140 24.0209
140 204 24.0209
205 128 55.1295
128 205 55.1295
206 110 32.8574
110 206 32.8574
207 168 66.8163
168 207 66.8163
208 121 53.6034
121 208 53.6034
209 135 86.8842
135 209 86.8842
210 17 40.4818
17 210 40.4818
211 190 62.5935
190 211 62.5935
212 76 18.1333
76 212 18.1333
213 168 23.3047
168 213 23.3047
214 77 75.1189
77 214 75.1189
215 183 60.201
183 215 60.201
216 158 24.8933
158 216 24.8933
217 76 22.7138
76 217 22.7138
218 165 17.5925
165 218 17.5925
219 60 66.716
60 219 66.716
220 196 58.523
196 220 58.523
221 6 76.661
6 221 76.661
222 135 81.3337
135 222 81.3337
223 186 39.5235
186 223 39.5235
224 55 48.4706
55 224 48.4706
225 16 97.8443
16 225 97.8443
226 12 34.0563
12 226 34.0563
227 128 63.0026
128 227 63.0026
228 151 15.6884
151 228 15.6884
229 36 34.8406
36 229 34.8406
230 189 60.8632
189 230 60.8632
231 217 11.6101
217 231 11.6101
232 165 47.4505
165 232 47.4505
233 160 16.5731
160 233 16.5731
234 164 97.0309
164 234 97.0309
235 186 74.1488
186 235 74.1488
236 53 22.1951
53 236 22.1951
237 70 61.1091
70 237 61.1091
238 151 37.6244
151 238 37.6244
239 138 22.6574
138 239 22.6574
240 231 33.072
231 240 33.072
241 12 22.4064
12 241 22.4064
242 150 19.2358
150 242 19.2358
243 140 55.948
140 243 55.948
244 9 96.8592
9 244 96.8592
245 15 87.1972
15 245 87.1972
246 58 94.0478
58 246 94.0478
247 91 23.5921
91 247 23.5921
248 76 23.2637
76 248 23.2637
249 242 10.8693
242 249 10.8693
250 18 56.3544
18 250 56.3544
251 26 66.8389
26 251 66.8389
252 40 54.0315
40 252 54.0315
253 97 51.2901
97 253 51.2901
254 202 37.513
202 254 37.513
255 40 79.3413
40 255 79.3413
256 147 79.3142
147 256 79.3142
257 253 39.6528
253 257 39.6528
258 155 89.9227
155 258 89.9227
259 45 95.7409
45 259 95.7409
260 207 79.8714
207 260 79.8714
261 57 26.0727
57 261 26.0727
262 231 49.5849
231 262 49.5849
263 227 88.7066
227 263 88.7066
264 164 22.2562
164 264 22.2562
265 240 97.9415
240 265 97.9415
266 77 75.1011
77 266 75.1011
267 101 29.2914
101 267 29.2914
268 198 53.8523
198 268 53.8523
269 154 42.4047
154 269 42.4047
270 163 91.0408
163 270 91.0408
271 226 48.0615
226 271 48.0615
272 227 29.4726
227 272 29.4726
273 173 27.6336
173 273 27.6336
274 140 80.3092
140 274 80.3092
275 197 31.4516
197 275 31.4516
276 118 50.8983
118 276 50.8983
277 26 43.8203
26 277 43.8203
278 127 21.7967
127 278 21.7967
279 26 84.8199
26 279 84.8199
280 119 61.6797
119 280 61.6797
281 152 86.9192
152 281 86.9192
282 82 44.3922
82 282 44.3922
283 232 80.8404
232 283 80.8404
284 213 48.2825
213 284 48.2825
285 185 40.3748
185 285 40.3748
286 194 11.3121
194 286 11.3121
287 204 92.9542
204 287 92.9542
288 1 65.4994
1 288 65.4994
289 259 59.3322
259 289 59.3322
290 180 72.4726
180 290 72.4726
291 44 15.7506
44 291 15.7506
292 73 18.511
73 292 18.511
293 197 79.6278
197 293 79.6278
294 192 51.9519
192 294 51.9519
295 147 69.9949
147 295 69.9949
296 133 18.4405
133 296 18.4405
297 6 75.9418
6 297 75.9418
298 68 93.3666
68 298 93.3666
299 57 40.6115
57 299 40.6115
300 205 14.3349
205 300 14.3349
301 216 27.0927
216 301 27.0927
302 301 43.9827
301 302 43.9827
303 223 97.9927
223 303 97.9927
304 17 26.1243
17 304 26.1243
305 220 55.8651
220 305 55.8651
306 236 73.2243
236 306 73.2243
307 220 84.0894
220 307 84.0894
308 105 66.1802
105 308 66.1802
309 275 63.4268
275 309 63.4268
310 233 52.8685
233 310 52.8685
311 1 50.6367
1 311 50.6367
312 43 77.0091
43 312 77.0091
313 93 71.7039
93 313 71.7039
314 155 77.0321
155 314 77.0321
315 166 90.3418
166 315 90.3418
316 74 54.2882
74 316 54.2882
317 39 32.547
39 317 32.547
318 44 22.6695
44 318 22.6695
319 91 49.9154
91 319 49.9154
320 174 10.7837
174 320 10.7837
321 207 39.0855
207 321 39.0855
322 211 19.1096
211 322 19.1096
323 197 81.8929
197 323 81.8929
324 303 52.513
303 324 52.513
325 62 63.4993
62 325 63.4993
326 119 59.0139
119 326 59.0139
327 235 31.3106
235 327 31.3106
328 123 33.7631
123 328 33.7631
329 316 87.2147
316 329 87.2147
330 138 99.4008
138 330 99.4008
331 196 91.4219
196 331 91.4219
332 288 60.9612
288 332 60.9612
333 66 25.1813
66 333 25.1813
334 8 72.323
8 334 72.323
335 298 90.4953
298 335 90.4953
336 247 59.9037
247 336 59.9037
337 131 78.8938
131 337 78.8938
338 268 71.1642
268 338 71.1642
339 267 83.5544
267 339 83.5544
340 279 39.7291
279 340 39.7291
341 109 18.4712
109 341 18.4712
342 10 77.0507
10 342 77.0507
343 224 92.8863
224 343 92.8863
344 330 28.9346
330 344 28.9346
345 208 26.0775
208 345 26.0775
346 38 59.169
38 346 59.169
347 154 92.5966
154 347 92.5966
348 296 90.3643
296 348 90.3643
349 110 83.8399
110 349 83.8399
350 215 40.393
215 350 40.393
351 275 34.5598
275 351 34.5598
352 222 24.8314
222 352 24.8314
353 34 55.6776
34 353 55.6776
354 127 22.7666
127 354 22.7666
355 124 96.2483
124 355 96.2483
356 322 32.9902
322 356 32.9902
357 352 58.7955
352 357 58.7955
358 324 88.8068
324 358 88.8068
359 61 71.1882
61 359 71.1882
360 55 41.95
55 360 41.95
361 304 93.2034
304 361 93.2034
362 23 96.9875
23 362 96.9875
363 191 33.0091
191 363 33.0091
364 164 53.7532
164 364 53.7532
365 58 59.0682
58 365 59.0682
366 284 37.4017
284 366 37.4017
367 353 66.9755
353 367 66.9755
368 21 46.3031
21 368 46.3031
369 315 72.9191
315 369 72.9191
370 152 98.94
152 370 98.94
371 343 59.3748
343 371 59.3748
372 348 61.8983
348 372 61.8983
373 212 12.8231
212 373 12.8231
374 156 13.4731
156 374 13.4731
375 28 74.0318
28 375 74.0318
376 119 16.6177
119 376 16.6177
377 8 92.7162
8 377 92.7162
378 349 17.0807
349 378 17.0807
379 40 38.1797
40 379 38.1797
380 204 73.697
204 380 73.697
381 48 64.1085
48 381 64.1085
382 43 40.1751
43 382 40.1751
383 66 65.981
66 383 65.981
384 303 97.7708
303 384 97.7708
385 129 92.8776
129 385 92.8776
386 74 64.1148
74 386 64.1148
387 144 83.747
144 387 83.747
388 199 45.3224
199 388 45.3224
389 50 74.5259
50 389 74.5259
390 346 69.7362
346 390 69.7362
391 296 46.6886
296 391 46.6886
392 124 23.7239
124 392 23.7239
393 194 62.6349
194 393 62.6349
394 144 74.0082
144 394 74.0082
395 62 88.8389
62 395 88.8389
396 361 18.8235
361 396 18.8235
397 161 65.8109
161 397 65.8109
398 210 18.7378
210 398 18.7378
399 325 31.9033
325 399 31.9033
400 115 31.8359
115 400 31.8359
401 118 84.5646
118 401 84.5646
402 224 58.2252
224 402 58.2252
403 103 59.2277
103 403 59.2277
404 167 79.5016
167 404 79.5016
405 374 83.0216
374 405 83.0216
406 309 97.8124
309 406 97.8124
407 232 97.633
232 407 97.633
408 200 57.8767
200 408 57.8767
409 277 72.9376
277 409 72.9376
410 234 14.5612
234 410 14.5612
411 107 63.8141
107 411 63.8141
412 369 75.456
369 412 75.456
413 219 11.4199
219 413 11.4199
414 269 89.9373
269 414 89.9373
415 276 20.395
276 415 20.395
416 63 80.3494
63 416 80.3494
417 221 47.6169
221 417 47.6169
418 364 69.9323
364 418 69.9323
419 214 69.8969
214 419 69.8969
420 195 56.6606
195 420 56.6606
421 230 98.0088
230 421 98.0088
422 405 13.7335
405 422 13.7335
423 80 27.7292
80 423 27.7292
424 305 87.9815
305 424 87.9815
425 231 26.371
231 425 26.371
426 120 14.4308
120 426 14.4308
427 112 85.2744
112 427 85.2744
428 395 15.8832
395 428 15.8832
429 50 97.0802
50 429 97.0802
430 353 79.6425
353 430 79.6425
431 345 50.3768
345 431 50.3768
432 164 70.7463
164 432 70.7463
433 199 77.9154
199 433 77.9154
434 135 77.5331
135 434 77.5331
435 336 81.7218
336 435 81.7218
436 172 35.658
172 436 35.658
437 1 60.374
1 437 60.374
438 203 26.4204
203 438 26.4204
431 51 24.0228
51 431 24.0228
269 417 99.019
417 269 99.019
371 191 55.7682
191 371 55.7682
223 318 54.7753
318 223 54.7753
215 312 80.5165
312 215 80.5165
164 232 54.5186
232 164 54.5186
121 421 65.974
421 121 65.974
143 206 49.4029
206 143 49.4029
349 17 92.6865
17 349 92.6865
91 200 49.5732
200 91 49.5732
424 88 71.7445
88 424 71.7445
99 405 19.8125
405 99 19.8125
413 390 94.2758
390 413 94.2758
430 210 51.5505
210 430 51.5505
251 44 58.6567
44 251 58.6567
404 67 57.9673
67 404 57.9673
398 397 74.8588
397 398 74.8588
278 404 95.3425
404 278 95.3425
402 67 98.9069
67 402 98.9069
418 21 38.0486
21 418 38.0486
323 277 50.8581
277 323 50.8581
99 344 60.9999
344 99 60.9999
72 278 84.9058
278 72 84.9058
220 323 88.9542
323 220 88.9542
266 434 36.2186
434 266 36.2186
196 72 92.9213
72 196 92.9213
238 195 99.3506
195 238 99.3506
131 266 55.6313
266 131 55.6313
318 197 54.2749
197 318 54.2749
417 331 32.9314
331 417 32.9314
337 151 57.9496
151 337 57.9496
87 83 70.1738
83 87 70.1738
372 117 46.8239
117 372 46.8239
253 138 43.3685
138 253 43.3685
232 350 38.0299
350 232 38.0299
278 137 12.7348
137 278 12.7348
104 166 65.2682
166 104 65.2682
362 234 79.7346
234 362 79.7346
302 187 36.9143
187 302 36.9143
176 271 67.4434
271 176 67.4434
115 105 96.217
105 115 96.217
298 89 58.9655
89 298 58.9655
69 292 93.7613
292 69 93.7613
382 272 12.5482
272 382 12.5482
94 136 60.5102
136 94 60.5102
86 401 86.6194
401 86 86.6194
262 5 97.6783
5 262 97.6783
358 384 82.5882
384 358 82.5882
369 323 66.0016
323 369 66.0016
98 43 34.1824
43 98 34.1824
240 54 73.7568
54 240 73.7568
426 92 81.6166
92 426 81.6166
128 194 58.6292
194 128 58.6292
315 152 53.8474
152 315 53.8474
306 321 41.0891
321 306 41.0891
400 325 40.99
325 400 40.99
119 153 63.3652
153 119 63.3652
266 27 95.4132
27 266 95.4132
301 60 85.902
60 301 85.902
384 98 84.2599
98 384 84.2599
195 212 40.429
212 195 40.429
314 134 72.2138
134 314 72.2138
72 157 52.4849
157 72 52.4849
160 401 72.8436
401 160 72.8436
434 147 55.3833
147 434 55.3833
179 344 31.4003
344 179 31.4003
381 47 94.3139
47 381 94.3139
74 19 93.0917
19 74 93.0917
166 402 33.7449
402 166 33.7449
273 371 75.4342
371 273 75.4342
212 11 98.4167
11 212 98.4167
395 232 31.8077
232 395 31.8077
292 36 61.754
36 292 61.754
395 425 49.6628
425 395 49.6628
188 194 33.3308
194 188 33.3308
328 312 37.9513
312 328 37.9513
17 158 92.2251
158 17 92.2251
167 62 68.215
62 167 68.215
61 265 39.4712
265 61 39.4712
424 389 24.6837
389 424 24.6837
386 389 64.4333
389 386 64.4333
140 185 72.1261
185 140 72.1261
126 137 95.8245
137 126 95.8245
39 177 85.2384
177 39 85.2384
197 257 29.4532
257 197 29.4532
205 100 71.2917
100 205 71.2917
339 55 58.4432
55 339 58.4432
226 128 46.5417
128 226 46.5417
127 110 49.8287
110 127 49.8287
140 282 94.7657
282 140 94.7657
251 95 65.5389
95 251 65.5389
232 319 84.6306
319 232 84.6306
235 91 54.6158
91 235 54.6158
72 355 44.9228
355 72 44.9228
429 239 22.6195
239 429 22.6195
227 90 74.674
90 227 74.674
216 395 67.9476
395 216 67.9476
368 313 53.4668
313 368 53.4668
387 380 88.7654
380 387 88.7654
214 177 67.3657
177 214 67.3657
214 365 68.616
365 214 68.616
279 213 45.481
213 279 45.481
304 246 67.5542
246 304 67.5542
115 411 62.7992
411 115 62.7992
375 152 73.3814
152 375 73.3814
248 144 32.9044
144 248 32.9044
198 101 68.1358
101 198 68.1358
126 66 29.4092
66 126 29.4092
134 422 64.7799
422 134 64.7799
302 45 53.9601
45 302 53.9601
238 28 75.7233
28 238 75.7233
57 412 25.3345
412 57 25.3345
184 313 85.8847
313 184 85.8847
337 162 60.8735
162 337 60.8735
82 391 31.5722
391 82 31.5722
28 186 92.0821
186 28 92.0821
102 48 64.4493
48 102 64.4493
236 198 69.3815
198 236 69.3815
247 67 97.902
67 247 97.902
169 263 90.1773
263 169 90.1773
416 284 43.2912
284 416 43.2912
51 243 98.8485
243 51 98.8485
5 196 64.5961
196 5 64.5961
391 181 34.5189
181 391 34.5189
19 34 61.6769
34 19 61.6769
250 309 44.1155
309 250 44.1155
227 81 38.9572
81 227 38.9572
144 34 39.4784
34 144 39.4784
86 434 53.3256
434 86 53.3256
97 124 89.5452
124 97 89.5452
309 327 39.6413
327 309 39.6413
417 356 16.4785
356 417 16.4785
391 209 26.123
209 391 26.123
242 353 89.6119
353 242 89.6119
121 376 54.0854
376 121 54.0854
26 195 96.2852
195 26 96.2852
285 166 79.7117
166 285 79.7117
118 188 16.7412
188 118 16.7412
124 376 43.7504
376 124 43.7504
379 406 93.3458
406 379 93.3458
281 380 59.7833
380 281 59.7833
358 47 95.5149
47 358 95.5149
271 65 69.3914
65 271 69.3914
38 324 43.7215
324 38 43.7215
263 353 12.6582
353 263 12.6582
201 365 73.4629
365 201 73.4629
279 286 83.2849
286 279 83.2849
362 271 80.7655
271 362 80.7655
261 22 27.1716
22 261 27.1716
31 386 10.9469
386 31 10.9469
23 43 15.9979
43 23 15.9979
212 14 63.2249
14 212 63.2249
57 103 69.6661
103 57 69.6661
226 417 23.8758
417 226 23.8758
22 313 79.1216
313 22 79.1216
140 415 84.8067
415 140 84.8067
438 125 75.9312
125 438 75.9312
203 354 85.9981
354 203 85.9981
0 320 28.5401
320 0 28.5401
419 231 49.5647
231 419 49.5647
190 96 70.2313
96 190 70.2313
4 428 37.152
428 4 37.152
218 246 36.7561
246 218 36.7561
71 424 48.8771
424 71 48.8771
245 320 27.5448
320 245 27.5448
9 428 72.3076
428 9 72.3076
346 282 11.2055
282 346 11.2055
56 145 91.4081
145 56 91.4081
245 99 28.3534
99 245 28.3534
378 40 32.0207
40 378 32.0207
251 195 74.3617
195 251 74.3617
6 67 25.5936
67 6 25.5936
432 98 38.779
98 432 38.779
76 417 46.8063
417 76 46.8063
389 193 40.806
193 389 40.806
125 386 44.7274
386 125 44.7274
8 224 92.4406
224 8 92.4406
214 238 80.6584
238 214 80.6584
56 289 43.4669
289 56 43.4669
287 423 95.6698
423 287 95.6698
166 131 24.2723
131 166 24.2723
407 134 39.7061
134 407 39.7061
364 346 30.6734
346 364 30.6734
306 35 58.5145
35 306 58.5145
176 309 77.0358
309 176 77.0358
173 76 72.0973
76 173 72.0973
324 304 98.4524
304 324 98.4524
0 134 95.0957
134 0 95.0957
21 385 79.0303
385 21 79.0303
133 131 34.9162
131 133 34.9162
224 75 35.5789
75 224 35.5789
4 105 46.9892
105 4 46.9892
194 430 86.4875
430 194 86.4875
259 242 78.3228
242 259 78.3228
84 44 99.5786
44 84 99.5786
290 357 54.5579
357 290 54.5579
359 197 61.5727
197 359 61.5727
7 30 43.9979
30 7 43.9979
211 106 98.1319
106 211 98.1319
185 42 45.8627
42 185 45.8627
126 325 22.059
325 126 22.059
409 200 14.5899
200 409 14.5899
115 429 75.1663
429 115 75.1663
425 21 18.157
21 425 18.157
307 180 41.9035
180 307 41.9035
210 322 75.0967
322 210 75.0967
106 34 65.0854
34 106 65.0854
345 387 86.2569
387 345 86.2569
264 199 19.5035
199 264 19.5035
47 417 12.809
417 47 12.809
168 162 31.7108
162 168 31.7108
275 344 43.1257
344 275 43.1257
409 104 24.6659
104 409 24.6659
201 0 52.3758
0 201 52.3758
360 83 95.748
83 360 95.748
74 31 62.182
31 74 62.182
309 93 91.5267
93 309 91.5267
262 147 66.0258
147 262 66.0258
386 332 39.439
332 386 39.439
263 50 48.6118
50 263 48.6118
110 144 14.9687
144 110 14.9687
42 44 69.2872
44 42 69.2872
294 120 56.6463
120 294 56.6463
21 290 60.8737
290 21 60.8737
42 1 72.5787
1 42 72.5787
298 217 62.8974
217 298 62.8974
279 102 84.725
102 279 84.725
109 5 14.1587
5 109 14.1587
164 337 68.8463
337 164 68.8463
290 98 49.3281
98 290 49.3281
65 392 74.8535
392 65 74.8535
36 79 96.2992
79 36 96.2992
217 42 80.6433
42 217 80.6433
399 177 69.7797
177 399 69.7797
106 218 65.316
218 106 65.316
98 313 83.7891
313 98 83.7891
15 276 98.2855
276 15 98.2855
58 39 64.7526
39 58 64.7526
379 12 11.8302
12 379 11.8302
337 414 55.3784
414 337 55.3784
93 324 60.9473
324 93 60.9473
333 366 26.1642
366 333 26.1642
349 240 61.7791
240 349 61.7791
178 191 18.4069
191 178 18.4069
89 411 81.8037
411 89 81.8037
256 294 95.4436
294 256 95.4436
329 330 31.9711
330 329 31.9711
278 251 81.0007
251 278 81.0007
284 264 87.483
264 284 87.483
285 97 70.5108
97 285 70.5108
330 85 25.6279
85 330 25.6279
253 133 98.0454
133 253 98.0454
36 24 79.3366
24 36 79.3366
94 141 88.4612
141 94 88.4612
38 199 58.6796
199 38 58.6796
110 20 40.461
20 110 40.461
107 417 36.094
417 107 36.094
70 57 38.1363
57 70 38.1363
373 380 87.5924
380 373 87.5924
208 131 65.9062
131 208 65.9062
242 1 25.7929
1 242 25.7929
118 21 70.247
21 118 70.247
389 207 18.9095
207 389 18.9095
43 108 16.0708
108 43 16.0708
133 337 68.8185
337 133 68.8185
436 184 70.5479
184 436 70.5479
156 251 96.734
251 156 96.734
190 77 41.682
77 190 41.682
72 89 51.6601
89 72 51.6601
226 88 85.3406
88 226 85.3406
120 27 48.7219
27 120 48.7219
310 139 56.4339
139 310 56.4339
168 106 33.9094
106 168 33.9094
318 124 34.4363
124 318 34.4363
27 404 66.5313
404 27 66.5313
86 197 70.9288
197 86 70.9288
47 338 94.7362
338 47 94.7362
116 85 18.8541
85 116 18.8541
437 420 53.6678
420 437 53.6678
339 241 97.672
241 339 97.672
405 12 49.9628
12 405 49.9628
67 2 43.548
2 67 43.548
380 53 31.0762
53 380 31.0762
184 257 40.7441
257 184 40.7441
47 153 30.8535
153 47 30.8535
314 112 12.4642
112 314 12.4642
248 170 90.3025
170 248 90.3025
147 413 78.1057
413 147 78.1057
210 278 16.0021
278 210 16.0021
288 264 25.3961
264 288 25.3961
277 157 52.4096
157 277 52.4096
286 203 37.1707
203 286 37.1707
93 222 98.8225
222 93 98.8225
269 401 40.1103
401 269 40.1103
398 255 81.043
255 398 81.043
262 118 90.7239
118 262 90.7239
408 199 24.5486
199 408 24.5486
364 322 20.861
322 364 20.861
281 339 73.0542
339 281 73.0542
378 310 78.9101
310 378 78.9101
330 412 84.9709
412 330 84.9709
308 423 95.5947
423 308 95.5947
364 331 42.2702
331 364 42.2702
123 397 62.4479
397 123 62.4479
287 93 70.1237
93 287 70.1237
283 29 67.5767
29 283 67.5767
243 249 72.344
249 243 72.344
434 67 40.1541
67 434 40.1541
228 292 68.2332
292 228 68.2332
110 235 79.5691
235 110 79.5691
240 283 42.6497
283 240 42.6497
98 161 14.1819
161 98 14.1819
339 125 10.381
125 339 10.381
243 332 60.3484
332 243 60.3484
230 156 91.8563
156 230 91.8563
283 40 63.0371
40 283 63.0371
232 14 67.6536
14 232 67.6536
384 264 62.6377
264 384 62.6377
374 23 27.1347
23 374 27.1347
322 312 67.9264
312 322 67.9264
134 383 59.4009
383 134 59.4009
313 219 73.4528
219 313 73.4528
160 234 70.2134
234 160 70.2134
234 336 89.1408
336 234 89.1408
361 243 47.0008
243 361 47.0008
132 82 96.2555
82 132 96.2555
224 411 59.5902
411 224 59.5902
225 89 29.9235
89 225 29.9235
166 33 73.6988
33 166 73.6988
312 318 18.1606
318 312 18.1606
45 50 60.9833
50 45 60.9833
284 320 65.2759
320 284 65.2759
63 160 25.5074
160 63 25.5074
363 424 40.7446
424 363 40.7446
347 313 79.4421
313 347 79.4421
273 137 51.2726
137 273 51.2726
420 310 72.5343
310 420 72.5343
412 118 32.2077
118 412 32.2077
290 393 79.077
393 290 79.077
358 187 34.1228
187 358 34.1228
14 111 17.1363
111 14 17.1363
335 222 54.2696
222 335 54.2696
304 269 63.9268
269 304 63.9268
92 364 31.5434
364 92 31.5434
6 113 30.9926
113 6 30.9926
124 206 45.8228
206 124 45.8228
119 384 10.4752
384 119 10.4752
416 371 92.9721
371 416 92.9721
66 187 59.886
187 66 59.886
312 97 53.5105
97 312 53.5105
81 4 82.3064
4 81 82.3064
358 210 54.3837
210 358 54.3837
203 245 28.3238
245 203 28.3238
111 247 56.3318
247 111 56.3318
438 20 20.8927
20 438 20.8927
274 144 56.5705
144 274 56.5705
326 42 53.2525
42 326 53.2525
147 141 43.4515
141 147 43.4515
243 285 12.3071
285 243 12.3071
425 323 10.5121
323 425 10.5121
119 158 93.5213
158 119 93.5213
411 298 44.6464
298 411 44.6464
213 33 35.3817
33 213 35.3817
150 216 82.5214
216 150 82.5214
252 155 99.8523
155 252 99.8523
108 425 93.4612
425 108 93.4612
129 414 63.3823
414 129 63.3823
353 112 78.4985
112 353 78.4985
275 57 26.247
57 275 26.247
95 207 38.091
207 95 38.091
275 287 25.238
287 275 25.238
271 415 42.7161
415 271 42.7161
196 409 50.8344
409 196 50.8344
427 97 51.1129
97 427 51.1129
399 217 31.8834
217 399 31.8834
300 265 42.866
265 300 42.866
272 398 78.9642
398 272 78.9642
200 257 15.2141
257 200 15.2141
269 357 77.8899
357 269 77.8899
68 37 77.7021
37 68 77.7021
139 327 62.4447
327 139 62.4447
285 328 57.0003
328 285 57.0003
204 219 51.303
219 204 51.303
202 389 98.2981
389 202 98.2981
188 146 84.8627
146 188 84.8627
369 187 30.0856
187 369 30.0856
218 29 23.2816
29 218 23.2816
159 65 38.5733
65 159 38.5733
15 408 87.5853
408 15 87.5853
113 26 70.2831
26 113 70.2831
417 337 64.6644
337 417 64.6644
375 411 70.0461
411 375 70.0461
438 155 97.4489
155 438 97.4489
437 237 28.1677
237 437 28.1677
81 280 37.6803
280 81 37.6803
41 291 44.5208
291 41 44.5208
438 312 78.2419
312 438 78.2419
32 164 12.9755
164 32 12.9755
108 418 21.3269
418 108 21.3269
97 94 60.7989
94 97 60.7989
279 276 11.5191
276 279 11.5191
319 267 36.4309
267 319 36.4309
366 305 42.4706
305 366 42.4706
333 51 85.1001
51 333 85.1001
73 359 20.1888
359 73 20.1888
367 199 81.2094
199 367 81.2094
382 387 48.7866
387 382 48.7866
129 32 65.6608
32 129 65.6608
187 394 80.2461
394 187 80.2461
82 275 13.2374
275 82 13.2374
321 436 62.9176
436 321 62.9176
22 114 77.2126
114 22 77.2126
73 414 84.4969
414 73 84.4969
253 111 27.9946
111 253 27.9946
112 268 14.3432
268 112 14.3432
390 294 27.4246
294 390 27.4246
192 45 88.0815
45 192 88.0815
340 206 60.1622
206 340 60.1622
266 322 97.0037
322 266 97.0037
128 138 13.2281
138 128 13.2281
106 267 10.9882
267 106 10.9882
128 375 13.7072
375 128 13.7072
296 412 73.2121
412 296 73.2121
11 247 43.3055
247 11 43.3055
257 428 17.1517
428 257 17.1517
190 344 21.2343
344 190 21.2343
173 271 92.4755
271 173 92.4755
142 46 38.2339
46 142 38.2339
385 202 19.843
202 385 19.843
347 412 61.3795
412 347 61.3795
166 311 28.4247
311 166 28.4247
169 251 25.7975
251 169 25.7975
201 260 56.8113
260 201 56.8113
415 211 92.9688
211 415 92.9688
198 202 76.1148
202 198 76.1148
355 77 18.5062
77 355 18.5062
363 219 44.9386
219 363 44.9386
345 75 75.4758
75 345 75.4758
7 429 23.3369
429 7 23.3369
201 343 35.9659
343 201 35.9659
280 254 31.1413
254 280 31.1413
9 216 57.9865
216 9 57.9865
142 119 84.6515
119 142 84.6515
67 50 36.729
50 67 36.729
101 22 68.0689
22 101 68.0689
102 197 10.0627
197 102 10.0627
157 198 65.6486
198 157 65.6486
240 338 54.0804
338 240 54.0804
325 16 19.9263
16 325 19.9263
11 326 84.0847
326 11 84.0847
219 390 97.0743
390 219 97.0743
397 396 70.693
396 397 70.693
173 11 17.9546
11 173 17.9546
200 407 80.431
407 200 80.431
389 259 35.899
259 389 35.899
81 95 42.7452
95 81 42.7452
278 234 93.8517
234 278 93.8517
137 426 81.3832
426 137 81.3832
238 83 39.4275
83 238 39.4275
171 280 35.9783
280 171 35.9783
102 99 37.0231
99 102 37.0231
188 57 91.9204
57 188 91.9204
270 271 29.0523
271 270 29.0523
141 419 23.6323
419 141 23.6323
388 99 46.6063
99 388 46.6063
82 421 15.3764
421 82 15.3764
345 312 20.7046
312 345 20.7046
400 37 70.0557
37 400 70.0557
147 422 37.2031
422 147 37.2031
212 421 35.0085
421 212 35.0085
63 285 13.0607
285 63 13.0607
21 133 62.2332
133 21 62.2332
101 252 49.5618
252 101 49.5618
293 157 73.034
157 293 73.034
72 205 59.4882
205 72 59.4882
107 22 44.4899
22 107 44.4899
389 112 12.8891
112 389 12.8891
49 374 13.3775
374 49 13.3775
109 172 48.8103
172 109 48.8103
282 88 43.8903
88 282 43.8903
176 90 51.0392
90 176 51.0392
316 431 34.869
431 316 34.869
180 269 74.183
269 180 74.183
171 164 45.2598
164 171 45.2598
397 81 87.5054
81 397 87.5054
205 71 67.593
71 205 67.593
106 239 83.7415
239 106 83.7415
197 389 99.0146
389 197 99.0146
359 153 91.058
153 359 91.058
90 384 79.5771
384 90 79.5771
290 252 60.8355
252 290 60.8355
271 127 95.265
127 271 95.265
100 99 15.5183
99 100 15.5183
284 46 65.6499
46 284 65.6499
172 384 61.2821
384 172 61.2821
216 35 34.3135
35 216 34.3135
168 254 12.5483
254 168 12.5483
377 310 78.045
310 377 78.045
3 223 27.195
223 3 27.195
2 45 90.4996
45 2 90.4996
102 112 15.9637
112 102 15.9637
207 271 51.1856
271 207 51.1856
265 66 17.0352
66 265 17.0352
253 298 19.1527
298 253 19.1527
251 123 51.9536
123 251 51.9536
74 258 30.4602
258 74 30.4602
164 418 97.5487
418 164 97.5487
340 266 71.3027
266 340 71.3027
347 209 90.0863
209 347 90.0863
432 205 62.9679
205 432 62.9679
421 28 17.7739
28 421 17.7739
213 198 67.7236
198 213 67.7236
277 419 23.8605
419 277 23.8605
374 41 49.6418
41 374 49.6418
272 281 84.3183
281 272 84.3183
38 206 31.3461
206 38 31.3461
424 147 64.246
147 424 64.246
138 141 94.3911
141 138 94.3911
420 81 26.3868
81 420 26.3868
72 110 75.2535
110 72 75.2535
252 235 39.1929
235 252 39.1929
268 61 10.714
61 268 10.714
8 280 24.7135
280 8 24.7135
117 100 15.9252
100 117 15.9252
385 189 97.233
189 385 97.233
112 366 17.7182
366 112 17.7182
417 5 65.1214
5 417 65.1214
3 299 76.8928
299 3 76.8928
60 426 82.2877
426 60 82.2877
10 145 37.7267
145 10 37.7267
202 63 55.7932
63 202 55.7932
122 251 67.804
251 122 67.804
195 385 48.9461
385 195 48.9461
192 324 82.0402
324 192 82.0402
209 289 62.428
289 209 62.428
408 239 53.705
239 408 53.705
192 427 22.216
427 192 22.216
41 2 25.6309
2 41 25.6309
174 76 37.5423
76 174 37.5423
336 376 50.4052
376 336 50.4052
206 152 79.4092
152 206 79.4092
79 304 86.1416
304 79 86.1416
42 54 11.4531
54 42 11.4531
282 234 74.3544
234 282 74.3544
275 80 18.9844
80 275 18.9844
330 17 41.7999
17 330 41.7999
117 172 79.0809
172 117 79.0809
360 129 15.4949
129 360 15.4949
98 307 86.0118
307 98 86.0118
256 292 48.2893
292 256 48.2893
276 264 42.5777
264 276 42.5777
231 37 39.7396
37 231 39.7396
207 43 80.9947
43 207 80.9947
75 383 34.0532
383 75 34.0532
173 285 46.9534
285 173 46.9534
363 138 84.3379
138 363 84.3379
426 407 98.7014
407 426 98.7014
212 40 11.8171
40 212 11.8171
165 108 61.3452
108 165 61.3452
178 435 46.8003
435 178 46.8003
233 151 44.0366
151 233 44.0366
346 357 90.2268
357 346 90.2268
375 153 13.1499
153 375 13.1499
173 248 92.3946
248 173 92.3946
134 384 15.1821
384 134 15.1821
33 373 24.2473
373 33 24.2473
255 430 28.9776
430 255 28.9776
345 181 97.403
181 345 97.403
160 145 90.6004
145 160 90.6004
335 179 67.7197
179 335 67.7197
197 154 65.5222
154 197 65.5222
412 137 78.3501
137 412 78.3501
157 395 34.6378
395 157 34.6378
210 337 57.2168
337 210 57.2168
51 263 62.8695
263 51 62.8695
315 279 45.3395
279 315 45.3395
353 163 22.3241
163 353 22.3241
125 203 30.3527
203 125 30.3527
326 126 98.5237
126 326 98.5237
3 288 54.2957
288 3 54.2957
222 127 17.0384
127 222 17.0384
81 307 74.43
307 81 74.43
287 100 45.2278
100 287 45.2278
8 264 84.3666
264 8 84.3666
260 392 67.5404
392 260 67.5404
370 286 75.5139
286 370 75.5139
308 404 29.9088
404 308 29.9088
236 361 94.6125
361 236 94.6125
257 24 76.8844
24 257 76.8844
377 409 92.2168
409 377 92.2168
286 291 58.7352
291 286 58.7352
64 151 18.0716
151 64 18.0716
341 312 52.5563
312 341 52.5563
138 221 74.844
221 138 74.844
435 133 99.6197
133 435 99.6197
121 198 11.9788
198 121 11.9788
341 300 26.3794
300 341 26.3794
301 226 44.7317
226 301 44.7317
153 64 58.0142
64 153 58.0142
98 334 67.2186
334 98 67.2186
324 390 65.86
390 324 65.86
321 245 12.4906
245 321 12.4906
142 380 79.5197
380 142 79.5197
424 383 56.4314
383 424 56.4314
236 436 58.0644
436 236 58.0644
357 6 59.1565
6 357 59.1565
139 342 21.6856
342 139 21.6856
323 121 33.9848
121 323 33.9848
8 165 31.1854
165 8 31.1854
274 281 25.1486
281 274 25.1486
113 342 78.1549
342 113 78.1549
339 282 51.1994
282 339 51.1994
250 79 96.4687
79 250 96.4687
48 193 28.2675
193 48 28.2675
63 156 67.0579
156 63 67.0579
254 77 34.9827
77 254 34.9827
216 318 44.085
318 216 44.085
39 206 46.4062
206 39 46.4062
284 0 83.2436
0 284 83.2436
354 73 81.4488
73 354 81.4488
411 57 14.5541
57 411 14.5541
398 296 73.5197
296 398 73.5197
387 274 47.9961
274 387 47.9961
331 338 63.6561
338 331 63.6561
127 206 66.1252
206 127 66.1252
237 12 34.4606
12 237 34.4606
219 384 43.9308
384 219 43.9308
143 179 70.8834
179 143 70.8834
159 41 59.0375
41 159 59.0375
388 204 68.8623
204 388 68.8623
20 8 43.7566
8 20 43.7566
108 178 25.8276
178 108 25.8276
184 109 53.6273
109 184 53.6273
276 234 46.5811
234 276 46.5811
6 195 72.54
195 6 72.54
402 370 39.6462
370 402 39.6462
94 298 93.6765
298 94 93.6765
174 267 51.9752
267 174 51.9752
165 198 80.7139
198 165 80.7139
158 231 17.0198
231 158 17.0198
304 82 13.9235
82 304 13.9235
366 36 56.529
36 366 56.529
308 21 82.9957
21 308 82.9957
146 71 61.1884
71 146 61.1884
101 31 75.3163
31 101 75.3163
95 287 92.0058
287 95 92.0058
34 172 94.64
172 34 94.64
209 107 99.2959
107 209 99.2959
117 427 80.2289
427 117 80.2289
201 263 82.0805
263 201 82.0805
243 207 52.6248
207 243 52.6248
40 358 69.3203
358 40 69.3203
238 358 18.7771
358 238 18.7771
312 72 15.5752
72 312 15.5752
327 391 79.9509
391 327 79.9509
351 196 97.4279
196 351 97.4279
272 412 60.0431
412 272 60.0431
273 307 29.6454
307 273 29.6454
105 392 12.4505
392 105 12.4505
66 101 11.6845
101 66 11.6845
299 149 80.5859
149 299 80.5859
249 310 94.2011
310 249 94.2011
383 82 26.2623
82 383 26.2623
428 154 15.5087
154 428 15.5087
237 20 42.3436
20 237 42.3436
186 227 28.3944
227 186 28.3944
203 262 44.8129
262 203 44.8129
186 124 92.714
124 186 92.714
244 230 41.0531
230 244 41.0531
399 33 82.7108
33 399 82.7108
28 67 50.0199
67 28 50.0199
68 278 69.4531
278 68 69.4531
87 36 77.6034
36 87 77.6034
160 220 89.6502
220 160 89.6502
144 53 81.3443
53 144 81.3443
305 375 80.1003
375 305 80.1003
303 197 58.1156
197 303 58.1156
68 387 36.0052
387 68 36.0052
88 151 54.9684
151 88 54.9684
430 14 47.5722
14 430 47.5722
177 227 71.7954
227 177 71.7954
63 311 79.5438
311 63 79.5438
191 222 74.6755
222 191 74.6755
208 371 65.4735
371 208 65.4735
114 236 66.6577
236 114 66.6577
169 55 58.9499
55 169 58.9499
193 315 83.2647
315 193 83.2647
254 282 54.9073
282 254 54.9073
358 225 85.4992
225 358 85.4992
214 92 49.614
92 214 49.614
77 15 93.5847
15 77 93.5847
101 315 26.6444
315 101 26.6444
342 92 24.5706
92 342 24.5706
434 162 90.6185
162 434 90.6185
247 425 52.6881
425 247 52.6881
403 44 20.8712
44 403 20.8712
159 129 66.7628
129 159 66.7628
218 16 44.3286
16 218 44.3286
216 361 83.4596
361 216 83.4596
330 88 38.6508
88 330 38.6508
402 199 57.4099
199 402 57.4099
337 361 14.0939
361 337 14.0939
135 45 29.6152
45 135 29.6152
401 252 55.7174
252 401 55.7174
310 388 99.1677
388 310 99.1677
113 410 12.476
410 113 12.476
404 267 60.9511
267 404 60.9511
406 183 82.9025
183 406 82.9025
328 30 15.9357
30 328 15.9357
241 50 59.4497
50 241 59.4497
323 408 65.6837
408 323 65.6837
118 420 75.5001
420 118 75.5001
345 238 62.9246
238 345 62.9246
391 85 64.3994
85 391 64.3994
412 169 90.6544
169 412 90.6544
211 32 51.2666
32 211 51.2666
349 417 62.6729
417 349 62.6729
142 2 36.2249
2 142 36.2249
2 375 41.1787
375 2 41.1787
93 263 13.9609
263 93 13.9609
389 391 91.396
391 389 91.396
112 163 51.594
163 112 51.594
235 150 39.38
150 235 39.38
138 154 34.9709
154 138 34.9709
138 101 87.7404
101 138 87.7404
29 204 45.8954
204 29 45.8954
422 249 95.0668
249 422 95.0668
303 377 30.8149
377 303 30.8149
164 295 30.4197
295 164 30.4197
174 118 72.298
118 174 72.298
82 403 18.6546
403 82 18.6546
382 336 29.4929
336 382 29.4929
91 89 72.1362
89 91 72.1362
174 323 64.2241
323 174 64.2241
167 261 86.6037
261 167 86.6037
151 285 24.7613
285 151 24.7613
263 194 93.3988
194 263 93.3988
257 364 12.9733
364 257 12.9733
280 183 70.336
183 280 70.336
309 14 76.779
14 309 76.779
85 395 96.0775
395 85 96.0775
32 404 66.2149
404 32 66.2149
321 230 63.6611
230 321 63.6611
279 194 72.3517
194 279 72.3517
366 57 78.365
57 366 78.365
328 218 63.1074
218 328 63.1074
178 239 44.3354
239 178 44.3354
233 89 94.781
89 233 94.781
334 233 46.7015
233 334 46.7015
332 9 45.6839
9 332 45.6839
149 412 96.3505
412 149 96.3505
305 320 88.4823
320 305 88.4823
229 175 53.1082
175 229 53.1082
57 23 29.2282
23 57 29.2282
204 411 92.8101
411 204 92.8101
17 193 58.6984
193 17 58.6984
339 221 75.6265
221 339 75.6265
151 84 40.1852
84 151 40.1852
67 200 64.7259
200 67 64.7259
314 371 14.5347
371 314 14.5347
213 202 74.0104
202 213 74.0104
29 111 96.118
111 29 96.118
75 171 83.1562
171 75 83.1562
210 414 27.7865
414 210 27.7865
386 10 20.0244
10 386 20.0244
133 424 24.1244
424 133 24.1244
77 242 45.9928
242 77 45.9928
40 113 25.0612
113 40 25.0612
224 393 87.797
393 224 87.797
236 297 35.1369
297 236 35.1369
360 287 88.5667
287 360 88.5667
254 45 11.559
45 254 11.559
161 84 52.5334
84 161 52.5334
212 83 22.636
83 212 22.636
39 119 87.4507
119 39 87.4507
170 297 55.3337
297 170 55.3337
91 213 58.2335
213 91 58.2335
49 428 66.5802
428 49 66.5802
2 295 66.2939
295 2 66.2939
93 436 50.6042
436 93 50.6042
225 69 20.415
69 225 20.415
285 375 21.2132
375 285 21.2132
26 434 52.7867
434 26 52.7867
222 88 73.3266
88 222 73.3266
227 11 83.7012
11 227 83.7012
232 73 67.0914
73 232 67.0914
64 216 70.7703
216 64 70.7703
92 413 18.3208
413 92 18.3208
191 351 37.4462
351 191 37.4462
33 388 87.1034
388 33 87.1034
25 220 80.8148
220 25 80.8148
211 94 30.983
94 211 30.983
399 163 47.7456
163 399 47.7456
105 91 22.226
91 105 22.226
285 264 84.3044
264 285 84.3044
330 196 41.057
196 330 41.057
126 148 74.7954
148 126 74.7954
342 216 38.955
216 342 38.955
426 51 34.2366
51 426 34.2366
435 176 46.8659
176 435 46.8659
356 337 21.253
337 356 21.253
216 196 52.2665
196 216 52.2665
123 252 71.0575
252 123 71.0575
35 13 86.5987
13 35 86.5987
210 166 57.9994
166 210 57.9994
239 44 10.3637
44 239 10.3637
338 137 10.925
137 338 10.925
322 176 97.8034
176 322 97.8034
22 5 13.843
5 22 13.843
262 55 55.1047
55 262 55.1047
209 40 22.127
40 209 22.127
363 27 27.4964
27 363 27.4964
376 157 40.634
157 376 40.634
7 0 62.9058
0 7 62.9058
362 52 63.1653
52 362 63.1653
300 376 26.5976
376 300 26.5976
403 342 51.364
342 403 51.364
38 195 21.8969
195 38 21.8969
170 241 78.0324
241 170 78.0324
351 418 33.4541
418 351 33.4541
379 119 86.8783
119 379 86.8783
404 291 65.8775
291 404 65.8775
305 239 97.6302
239 305 97.6302
15 14 94.9252
14 15 94.9252
200 179 36.3978
179 200 36.3978
140 163 53.7784
163 140 53.7784
273 301 60.9367
301 273 60.9367
344 132 48.0213
132 344 48.0213
299 215 37.3601
215 299 37.3601
204 216 56.7812
216 204 56.7812
37 164 76.0963
164 37 76.0963
333 306 14.0241
306 333 14.0241
277 352 11.9907
352 277 11.9907
160 195 14.8568
195 160 14.8568
286 138 18.9847
138 286 18.9847
203 202 55.0203
202 203 55.0203
306 347 33.5008
347 306 33.5008
212 372 30.0174
372 212 30.0174
147 12 62.1056
12 147 62.1056
420 128 26.1655
128 420 26.1655
368 396 47.3976
396 368 47.3976
205 322 58.8033
322 205 58.8033
5 254 93.8173
254 5 93.8173
69 276 84.31
276 69 84.31
234 17 27.8292
17 234 27.8292
381 193 58.3043
193 381 58.3043
217 165 53.9392
165 217 53.9392
70 141 67.9155
141 70 67.9155
236 93 27.0688
93 236 27.0688
5 399 48.3519
399 5 48.3519
194 294 30.7305
294 194 30.7305
257 285 17.7793
285 257 17.7793
84 312 51.4058
312 84 51.4058
48 299 77.6568
299 48 77.6568
176 157 67.2195
157 176 67.2195
202 164 53.2396
164 202 53.2396
432 43 26.3144
43 432 26.3144
189 409 12.8814
409 189 12.8814
250 345 85.6578
345 250 85.6578
3 134 11.4404
134 3 11.4404
172 329 39.6874
329 172 39.6874
208 47 91.1787
47 208 91.1787
321 254 55.3483
254 321 55.3483
116 131 89.3061
131 116 89.3061
417 408 46.7434
408 417 46.7434
380 284 46.7029
284 380 46.7029
127 161 42.1436
161 127 42.1436
97 190 20.2516
190 97 20.2516
234 32 13.76
32 234 13.76
7 234 80.1545
234 7 80.1545
380 264 66.5838
264 380 66.5838
96 281 90.8913
281 96 90.8913
344 184 16.952
