281 5268 77 10
1 0 32.0185
0 1 32.0185
2 1 53.0538
1 2 53.0538
3 1 28.0021
1 3 28.0021
4 3 53.6317
3 4 53.6317
5 2 12.6752
2 5 12.6752
6 1 44.2567
1 6 44.2567
7 0 73.5986
0 7 73.5986
8 0 20.1107
0 8 20.1107
9 2 17.773
2 9 17.773
10 7 49.9219
7 10 49.9219
11 10 41.2867
10 11 41.2867
12 8 48.2081
8 12 48.2081
13 11 22.7907
11 13 22.7907
14 13 19.7281
13 14 19.7281
15 13 92.5855
13 15 92.5855
16 9 47.1016
9 16 47.1016
17 4 78.8743
4 17 78.8743
18 1 27.0146
1 18 27.0146
19 7 18.4156
7 19 18.4156
20 11 97.0053
11 20 97.0053
21 4 96.2474
4 21 96.2474
22 3 33.1861
3 22 33.1861
23 1 55.9317
1 23 55.9317
24 20 24.3778
20 24 24.3778
25 5 84.319
5 25 84.319
26 9 97.3367
9 26 97.3367
27 6 17.2078
6 27 17.2078
28 21 85.7314
21 28 85.7314
29 11 66.7673
11 29 66.7673
30 1 20.1355
1 30 20.1355
31 5 99.444
5 31 99.444
32 28 89.3143
28 32 89.3143
33 7 94.1543
7 33 94.1543
34 27 83.0218
27 34 83.0218
35 3 16.4968
3 35 16.4968
36 24 30.9137
24 36 30.9137
37 15 48.0842
15 37 48.0842
38 34 84.4982
34 38 84.4982
39 3 30.528
3 39 30.528
40 29 62.1801
29 40 62.1801
41 33 42.9564
33 41 42.9564
42 9 73.393
9 42 73.393
43 9 60.6901
9 43 60.6901
44 43 49.1527
43 44 49.1527
45 44 32.8033
44 45 32.8033
46 26 63.0886
26 46 63.0886
47 28 82.4356
28 47 82.4356
48 1 62.6185
1 48 62.6185
49 27 35.8604
27 49 35.8604
50 34 68.7159
34 50 68.7159
51 43 11.9493
43 51 11.9493
52 21 95.6228
21 52 95.6228
53 29 79.3516
29 53 79.3516
54 27 60.9509
27 54 60.9509
55 24 40.0958
24 55 40.0958
56 18 81.2122
18 56 81.2122
57 4 95.3726
4 57 95.3726
58 49 69.9651
49 58 69.9651
59 14 21.4922
14 59 21.4922
60 32 13.3238
32 60 13.3238
61 8 51.6294
8 61 51.6294
62 14 93.303
14 62 93.303
63 9 80.1626
9 63 80.1626
64 4 45.4883
4 64 45.4883
65 40 10.9356
40 65 10.9356
66 43 85.7815
43 66 85.7815
67 6 51.7782
6 67 51.7782
68 26 43.0888
26 68 43.0888
69 57 85.344
57 69 85.344
70 65 49.4097
65 70 49.4097
71 46 54.5679
46 71 54.5679
72 63 36.6375
63 72 36.6375
73 50 88.8179
50 73 88.8179
74 46 95.9067
46 74 95.9067
75 71 15.1488
71 75 15.1488
76 49 34.8382
49 76 34.8382
77 23 24.2562
23 77 24.2562
78 69 59.0722
69 78 59.0722
79 48 81.5664
48 79 81.5664
80 26 52.9394
26 80 52.9394
81 77 62.524
77 81 62.524
82 35 18.1623
35 82 18.1623
83 81 71.2903
81 83 71.2903
84 28 85.0204
28 84 85.0204
85 76 40.5078
76 85 40.5078
86 70 43.2039
70 86 43.2039
87 66 96.4658
66 87 96.4658
88 83 43.8716
83 88 43.8716
89 58 50.7085
58 89 50.7085
90 40 64.7338
40 90 64.7338
91 23 57.0125
23 91 57.0125
92 70 33.1494
70 92 33.1494
93 92 71.0734
92 93 71.0734
94 55 23.9974
55 94 23.9974
95 2 43.1004
2 95 43.1004
96 16 44.4611
16 96 44.4611
97 20 51.7288
20 97 51.7288
98 18 60.6578
18 98 60.6578
99 28 71.143
28 99 71.143
100 23 63.1807
23 100 63.1807
101 7 51.18
7 101 51.18
102 6 47.2796
6 102 47.2796
103 99 15.4979
99 103 15.4979
104 88 91.8134
88 104 91.8134
105 92 26.4017
92 105 26.4017
106 96 64.8878
96 106 64.8878
107 97 57.3563
97 107 57.3563
108 56 59.6669
56 108 59.6669
109 58 54.4348
58 109 54.4348
110 19 37.9412
19 110 37.9412
111 88 28.8009
88 111 28.8009
112 49 83.6466
49 112 83.6466
113 33 52.3316
33 113 52.3316
114 91 74.3008
91 114 74.3008
115 101 99.5996
101 115 99.5996
116 114 29.4607
114 116 29.4607
117 56 64.2631
56 117 64.2631
118 102 26.4681
102 118 26.4681
119 78 66.1019
78 119 66.1019
120 24 82.3633
24 120 82.3633
121 12 99.7944
12 121 99.7944
122 13 72.6462
13 122 72.6462
123 19 38.4003
19 123 38.4003
124 9 37.8128
9 124 37.8128
125 56 45.9546
56 125 45.9546
126 48 24.6275
48 126 24.6275
127 24 52.0629
24 127 52.0629
128 63 95.8199
63 128 95.8199
129 10 95.9961
10 129 95.9961
130 75 42.3098
75 130 42.3098
131 110 39.5296
110 131 39.5296
132 2 79.9517
2 132 79.9517
133 43 91.6845
43 133 91.6845
134 106 60.6847
106 134 60.6847
135 12 56.6179
12 135 56.6179
136 71 16.1743
71 136 16.1743
137 104 42.9149
104 137 42.9149
138 76 25.0397
76 138 25.0397
139 122 17.8928
122 139 17.8928
140 17 55.2877
17 140 55.2877
141 96 53.7904
96 141 53.7904
142 89 53.8039
89 142 53.8039
143 37 14.6718
37 143 14.6718
144 97 34.8041
97 144 34.8041
145 103 80.1493
103 145 80.1493
146 130 45.922
130 146 45.922
147 31 33.8759
31 147 33.8759
148 19 78.6885
19 148 78.6885
149 68 21.6913
68 149 21.6913
150 44 28.4535
44 150 28.4535
151 53 55.7257
53 151 55.7257
152 69 23.6839
69 152 23.6839
153 79 90.0427
79 153 90.0427
154 108 76.3171
108 154 76.3171
155 114 64.2925
114 155 64.2925
156 20 34.4409
20 156 34.4409
157 154 38.4121
154 157 38.4121
158 106 10.3456
106 158 10.3456
159 27 24.0578
27 159 24.0578
160 33 37.1658
33 160 37.1658
161 115 80.0057
115 161 80.0057
162 115 60.7895
115 162 60.7895
163 42 28.2193
42 163 28.2193
164 144 44.5643
144 164 44.5643
165 143 27.9109
143 165 27.9109
166 5 37.3196
5 166 37.3196
167 109 37.2796
109 167 37.2796
168 55 95.7407
55 168 95.7407
169 71 17.2435
71 169 17.2435
170 93 15.8527
93 170 15.8527
171 69 54.7506
69 171 54.7506
172 15 82.9307
15 172 82.9307
173 130 89.6146
130 173 89.6146
174 162 71.026
162 174 71.026
175 35 12.7356
35 175 12.7356
176 172 13.9357
172 176 13.9357
177 22 83.9154
22 177 83.9154
178 2 91.548
2 178 91.548
179 10 52.5052
10 179 52.5052
180 97 29.1424
97 180 29.1424
181 157 36.396
157 181 36.396
182 156 75.6834
156 182 75.6834
183 166 39.7072
166 183 39.7072
184 30 47.7206
30 184 47.7206
185 27 96.0428
27 185 96.0428
186 66 18.4559
66 186 18.4559
187 69 75.2757
69 187 75.2757
188 58 56.7013
58 188 56.7013
189 54 32.8346
54 189 32.8346
190 164 57.9555
164 190 57.9555
191 170 23.174
170 191 23.174
192 160 30.3091
160 192 30.3091
193 187 43.3303
187 193 43.3303
194 5 87.0919
5 194 87.0919
195 98 17.0464
98 195 17.0464
196 3 85.2542
3 196 85.2542
197 184 90.2184
184 197 90.2184
198 79 50.0176
79 198 50.0176
199 163 12.7593
163 199 12.7593
200 129 94.4662
129 200 94.4662
201 34 97.8031
34 201 97.8031
202 184 26.4381
184 202 26.4381
203 77 94.3451
77 203 94.3451
204 58 57.6035
58 204 57.6035
205 154 73.5428
154 205 73.5428
206 172 42.8244
172 206 42.8244
207 77 74.8195
77 207 74.8195
208 89 46.201
89 208 46.201
209 125 41.4525
125 209 41.4525
210 13 11.7652
13 210 11.7652
211 188 80.9925
188 211 80.9925
212 159 43.9703
159 212 43.9703
213 192 22.2807
192 213 22.2807
214 210 97.4908
210 214 97.4908
215 144 66.7923
144 215 66.7923
216 71 36.163
71 216 36.163
217 77 33.1326
77 217 33.1326
218 86 99.8851
86 218 99.8851
219 169 85.1404
169 219 85.1404
220 157 61.0055
157 220 61.0055
221 66 60.1178
66 221 60.1178
222 101 63.175
101 222 63.175
223 115 47.5637
115 223 47.5637
224 114 61.5348
114 224 61.5348
225 69 27.5866
69 225 27.5866
226 164 30.3477
164 226 30.3477
227 149 65.819
149 227 65.819
228 95 59.7958
95 228 59.7958
229 77 28.4341
77 229 28.4341
230 124 91.6845
124 230 91.6845
231 18 76.819
18 231 76.819
232 77 20.8899
77 232 20.8899
233 85 57.8524
85 233 57.8524
234 95 24.0498
95 234 24.0498
235 100 56.3981
100 235 56.3981
236 165 56.6723
165 236 56.6723
237 51 59.3741
51 237 59.3741
238 134 10.2915
134 238 10.2915
239 116 53.3689
116 239 53.3689
240 118 31.3135
118 240 31.3135
241 4 10.3444
4 241 10.3444
242 220 74.3544
220 242 74.3544
243 99 20.8297
99 243 20.8297
244 63 14.0204
63 244 14.0204
245 88 64.3635
88 245 64.3635
246 191 22.265
191 246 22.265
247 167 72.5799
167 247 72.5799
248 176 70.7817
176 248 70.7817
249 67 27.1141
67 249 27.1141
250 213 10.3875
213 250 10.3875
251 24 10.9454
24 251 10.9454
252 78 96.778
78 252 96.778
253 76 70.1386
76 253 70.1386
254 28 26.2476
28 254 26.2476
255 40 27.7437
40 255 27.7437
256 151 30.3353
151 256 30.3353
257 78 39.0702
78 257 39.0702
258 102 61.5666
102 258 61.5666
259 121 15.7119
121 259 15.7119
260 40 88.2669
40 260 88.2669
261 42 19.2969
42 261 19.2969
262 162 56.6981
162 262 56.6981
263 170 34.2533
170 263 34.2533
264 48 72.6001
48 264 72.6001
265 130 30.0652
130 265 30.0652
266 21 48.6651
21 266 48.6651
267 114 65.194
114 267 65.194
268 184 99.2168
184 268 99.2168
269 99 47.5434
99 269 47.5434
270 31 85.4629
31 270 85.4629
271 166 50.771
166 271 50.771
272 153 40.3858
153 272 40.3858
273 81 10.7111
81 273 10.7111
274 175 46.1585
175 274 46.1585
275 68 90.6834
68 275 90.6834
276 12 17.6185
12 276 17.6185
277 255 73.408
255 277 73.408
278 145 45.4104
145 278 45.4104
279 70 38.3295
70 279 38.3295
280 189 70.3026
189 280 70.3026
82 228 84.419
228 82 84.419
212 165 59.1177
165 212 59.1177
7 166 36.827
166 7 36.827
46 141 35.6704
141 46 35.6704
61 92 44.4173
92 61 44.4173
73 243 56.1295
243 73 56.1295
105 238 26.0176
238 105 26.0176
101 0 79.1113
0 101 79.1113
75 112 82.2626
112 75 82.2626
85 9 14.1047
9 85 14.1047
6 57 49.5296
57 6 49.5296
147 229 15.8383
229 147 15.8383
148 160 10.5532
160 148 10.5532
128 166 62.7155
166 128 62.7155
200 234 14.3378
234 200 14.3378
200 101 88.1167
101 200 88.1167
29 19 72.1584
19 29 72.1584
227 24 75.3155
24 227 75.3155
249 225 40.2895
225 249 40.2895
98 1 50.9551
1 98 50.9551
36 66 98.1567
66 36 98.1567
59 115 69.3779
115 59 69.3779
194 167 63.3095
167 194 63.3095
136 267 72.9337
267 136 72.9337
216 116 60.8181
116 216 60.8181
128 173 80.1497
173 128 80.1497
192 180 28.74
180 192 28.74
207 2 63.1789
2 207 63.1789
271 267 73.3911
267 271 73.3911
33 150 66.1783
150 33 66.1783
124 128 87.2404
128 124 87.2404
34 121 80.9303
121 34 80.9303
141 102 68.0254
102 141 68.0254
147 237 11.9002
237 147 11.9002
50 40 78.6645
40 50 78.6645
61 55 63.8777
55 61 63.8777
269 64 82.4776
64 269 82.4776
238 77 65.9543
77 238 65.9543
40 94 42.6803
94 40 42.6803
225 20 82.7904
20 225 82.7904
87 214 27.0143
214 87 27.0143
82 26 52.2688
26 82 52.2688
272 32 71.7736
32 272 71.7736
95 104 20.2333
104 95 20.2333
129 234 53.4661
234 129 53.4661
93 97 12.5857
97 93 12.5857
88 237 51.7663
237 88 51.7663
223 229 27.9623
229 223 27.9623
199 78 66.6905
78 199 66.6905
252 147 64.9297
147 252 64.9297
73 267 72.5122
267 73 72.5122
209 57 81.0507
57 209 81.0507
1 117 34.1765
117 1 34.1765
272 139 18.0418
139 272 18.0418
138 232 56.6981
232 138 56.6981
29 214 83.796
214 29 83.796
172 138 17.0032
138 172 17.0032
3 16 41.8812
16 3 41.8812
45 0 88.0402
0 45 88.0402
278 208 15.6936
208 278 15.6936
259 39 24.7791
39 259 24.7791
193 54 68.0246
54 193 68.0246
237 131 93.2347
131 237 93.2347
155 237 18.7735
237 155 18.7735
194 213 66.499
213 194 66.499
13 204 96.8972
204 13 96.8972
211 27 21.1618
27 211 21.1618
167 174 67.3726
174 167 67.3726
251 120 38.1223
120 251 38.1223
136 223 92.1386
223 136 92.1386
151 190 99.3343
190 151 99.3343
93 194 38.5302
194 93 38.5302
165 246 55.9726
246 165 55.9726
276 140 62.8243
140 276 62.8243
270 45 23.8354
45 270 23.8354
99 200 46.4996
200 99 46.4996
108 36 74.7892
36 108 74.7892
250 148 10.5485
148 250 10.5485
76 51 80.1625
51 76 80.1625
171 151 18.8596
151 171 18.8596
272 240 17.5296
240 272 17.5296
277 200 37.4969
200 277 37.4969
149 123 19.7956
123 149 19.7956
15 161 67.4644
161 15 67.4644
54 105 69.8223
105 54 69.8223
80 264 24.3928
264 80 24.3928
11 216 16.516
216 11 16.516
117 17 35.6233
17 117 35.6233
167 240 83.6164
240 167 83.6164
105 158 29.9651
158 105 29.9651
26 228 54.6515
228 26 54.6515
267 142 99.1693
142 267 99.1693
251 12 48.0774
12 251 48.0774
217 137 84.3797
137 217 84.3797
234 171 46.5331
171 234 46.5331
89 85 10.0388
85 89 10.0388
181 80 62.4313
80 181 62.4313
140 192 59.1282
192 140 59.1282
193 231 37.5522
231 193 37.5522
63 243 45.623
243 63 45.623
266 33 47.4159
33 266 47.4159
254 14 42.9072
14 254 42.9072
164 116 96.7111
116 164 96.7111
251 14 69.2756
14 251 69.2756
117 269 18.7404
269 117 18.7404
206 132 17.0016
132 206 17.0016
154 58 83.9582
58 154 83.9582
83 225 30.6344
225 83 30.6344
166 153 22.2528
153 166 22.2528
66 46 43.5596
46 66 43.5596
175 189 55.8384
189 175 55.8384
89 244 16.6657
244 89 16.6657
76 150 28.1362
150 76 28.1362
45 131 36.062
131 45 36.062
215 32 58.9939
32 215 58.9939
223 5 80.1049
5 223 80.1049
136 171 25.476
171 136 25.476
36 26 67.2577
26 36 67.2577
35 257 84.5589
257 35 84.5589
80 227 26.7502
227 80 26.7502
251 23 56.1397
23 251 56.1397
19 169 17.7727
169 19 17.7727
246 155 76.837
155 246 76.837
190 234 27.8502
234 190 27.8502
76 62 50.4157
62 76 50.4157
106 62 99.6677
62 106 99.6677
22 24 38.9627
24 22 38.9627
137 182 22.9846
182 137 22.9846
209 162 16.2241
162 209 16.2241
243 236 53.1584
236 243 53.1584
2 226 97.6283
226 2 97.6283
108 44 53.4491
44 108 53.4491
185 187 80.4438
187 185 80.4438
57 141 57.496
141 57 57.496
185 202 49.2565
202 185 49.2565
35 103 33.2952
103 35 33.2952
254 66 72.9854
66 254 72.9854
79 246 49.1878
246 79 49.1878
38 105 66.3205
105 38 66.3205
34 259 51.3317
259 34 51.3317
218 252 23.6892
252 218 23.6892
61 250 34.5975
250 61 34.5975
101 218 47.7893
218 101 47.7893
216 240 30.2416
240 216 30.2416
28 50 69.5063
50 28 69.5063
175 5 94.0347
5 175 94.0347
106 231 68.2007
231 106 68.2007
141 49 11.946
49 141 11.946
73 178 60.5743
178 73 60.5743
274 189 67.3983
189 274 67.3983
217 177 24.4398
177 217 24.4398
41 71 56.2356
71 41 56.2356
103 72 92.9021
72 103 92.9021
34 173 90.5041
173 34 90.5041
100 78 40.4754
78 100 40.4754
58 191 37.2921
191 58 37.2921
193 62 85.1151
62 193 85.1151
110 223 45.812
223 110 45.812
13 214 56.9489
214 13 56.9489
198 219 82.7734
219 198 82.7734
111 52 59.8304
52 111 59.8304
91 264 79.3267
264 91 79.3267
10 118 69.4645
118 10 69.4645
101 14 38.8132
14 101 38.8132
10 248 72.7273
248 10 72.7273
54 222 10.3464
222 54 10.3464
198 160 53.8175
160 198 53.8175
74 246 51.7129
246 74 51.7129
193 204 57.3859
204 193 57.3859
102 2 84.7178
2 102 84.7178
122 72 81.5954
72 122 81.5954
97 46 47.1082
46 97 47.1082
107 111 15.0424
111 107 15.0424
76 232 86.7245
232 76 86.7245
61 56 13.6937
56 61 13.6937
157 97 36.7907
97 157 36.7907
212 69 25.541
69 212 25.541
25 3 85.5702
3 25 85.5702
183 0 15.0009
0 183 15.0009
13 6 49.3353
6 13 49.3353
167 80 59.6177
80 167 59.6177
44 222 19.4748
222 44 19.4748
178 77 44.1971
77 178 44.1971
81 278 34.645
278 81 34.645
68 74 56.1054
74 68 56.1054
208 52 92.6298
52 208 92.6298
120 265 33.1481
265 120 33.1481
166 189 98.0326
189 166 98.0326
119 32 77.3446
32 119 77.3446
211 62 76.0856
62 211 76.0856
90 118 40.0018
118 90 40.0018
155 50 28.2073
50 155 28.2073
67 163 66.54
163 67 66.54
56 149 95.1649
149 56 95.1649
269 50 38.2245
50 269 38.2245
278 261 47.4031
261 278 47.4031
276 250 58.4434
250 276 58.4434
77 108 87.1758
108 77 87.1758
157 231 74.4841
231 157 74.4841
22 176 66.0438
176 22 66.0438
261 59 88.7177
59 261 88.7177
70 139 21.7102
139 70 21.7102
71 116 55.6458
116 71 55.6458
240 189 29.9514
189 240 29.9514
108 83 98.3943
83 108 98.3943
192 209 81.8751
209 192 81.8751
279 245 39.3846
245 279 39.3846
184 151 98.1521
151 184 98.1521
23 278 15.5077
278 23 15.5077
56 248 87.8331
248 56 87.8331
131 126 38.0427
126 131 38.0427
2 15 47.2105
15 2 47.2105
29 264 42.3058
264 29 42.3058
162 234 55.0784
234 162 55.0784
234 272 42.9095
272 234 42.9095
125 150 62.8006
150 125 62.8006
156 262 92.4428
262 156 92.4428
243 222 99.4686
222 243 99.4686
163 140 71.6153
140 163 71.6153
224 87 38.3888
87 224 38.3888
131 67 59.3064
67 131 59.3064
117 128 20.2565
128 117 20.2565
69 242 62.6261
242 69 62.6261
266 187 63.7318
187 266 63.7318
239 257 46.0417
257 239 46.0417
216 221 25.5209
221 216 25.5209
95 245 75.1703
245 95 75.1703
17 124 54.4715
124 17 54.4715
92 102 13.9211
102 92 13.9211
110 68 85.1084
68 110 85.1084
13 79 16.8793
79 13 16.8793
239 168 80.1126
168 239 80.1126
269 71 78.6252
71 269 78.6252
231 145 92.6509
145 231 92.6509
9 244 59.7596
244 9 59.7596
172 249 93.1632
249 172 93.1632
39 94 32.501
94 39 32.501
78 29 72.4185
29 78 72.4185
187 225 40.3085
225 187 40.3085
229 49 69.7481
49 229 69.7481
186 86 78.7935
86 186 78.7935
239 162 49.0282
162 239 49.0282
174 157 36.6089
157 174 36.6089
58 12 90.6373
12 58 90.6373
260 234 64.6214
234 260 64.6214
153 54 81.6579
54 153 81.6579
237 46 11.041
46 237 11.041
37 18 29.7974
18 37 29.7974
152 143 50.3498
143 152 50.3498
67 142 72.7365
142 67 72.7365
252 207 80.4468
207 252 80.4468
47 268 60.9214
268 47 60.9214
1 271 94.6642
271 1 94.6642
275 59 98.6402
59 275 98.6402
103 268 95.9431
268 103 95.9431
39 128 32.875
128 39 32.875
81 7 90.4265
7 81 90.4265
103 213 53.1859
213 103 53.1859
35 260 57.3876
260 35 57.3876
59 36 23.8245
36 59 23.8245
62 231 21.6473
231 62 21.6473
230 98 89.5967
98 230 89.5967
188 271 56.0794
271 188 56.0794
134 120 90.646
120 134 90.646
40 91 28.8859
91 40 28.8859
36 37 93.5957
37 36 93.5957
109 134 69.6174
134 109 69.6174
218 219 85.3119
219 218 85.3119
64 156 12.9399
156 64 12.9399
97 142 18.3473
142 97 18.3473
58 103 31.0596
103 58 31.0596
178 103 60.258
103 178 60.258
248 224 32.3676
224 248 32.3676
54 235 56.7166
235 54 56.7166
150 210 26.2927
210 150 26.2927
87 137 71.9922
137 87 71.9922
255 177 61.2008
177 255 61.2008
240 88 35.4968
88 240 35.4968
186 205 89.3214
205 186 89.3214
89 216 87.473
216 89 87.473
49 10 78.5808
10 49 78.5808
86 7 45.4714
7 86 45.4714
233 147 79.2111
147 233 79.2111
140 63 85.2534
63 140 85.2534
138 181 42.4762
181 138 42.4762
31 187 89.0078
187 31 89.0078
147 242 61.7436
242 147 61.7436
209 52 78.177
52 209 78.177
60 14 74.1053
14 60 74.1053
253 247 34.9378
247 253 34.9378
274 108 72.4181
108 274 72.4181
251 274 43.51
274 251 43.51
174 180 72.3385
180 174 72.3385
240 157 84.2458
157 240 84.2458
95 157 64.0421
157 95 64.0421
39 23 73.0981
23 39 73.0981
272 127 74.8695
127 272 74.8695
55 201 57.283
201 55 57.283
80 96 76.0494
96 80 76.0494
173 164 47.3152
164 173 47.3152
139 277 40.5593
277 139 40.5593
62 133 98.3702
133 62 98.3702
74 211 95.6555
211 74 95.6555
166 108 14.3735
108 166 14.3735
150 12 55.3251
12 150 55.3251
266 241 74.202
241 266 74.202
252 30 43.9154
30 252 43.9154
133 162 33.6989
162 133 33.6989
256 86 60.0305
86 256 60.0305
238 220 43.9672
220 238 43.9672
28 120 67.3263
120 28 67.3263
268 122 78.3256
122 268 78.3256
195 119 93.2586
119 195 93.2586
170 53 47.1846
53 170 47.1846
77 4 70.0553
4 77 70.0553
122 233 40.4191
233 122 40.4191
266 62 21.6994
62 266 21.6994
91 65 99.603
65 91 99.603
52 232 88.185
232 52 88.185
23 109 79.9383
109 23 79.9383
85 264 62.4451
264 85 62.4451
36 55 24.7673
55 36 24.7673
180 181 38.4227
181 180 38.4227
41 220 93.4364
220 41 93.4364
144 206 22.4156
206 144 22.4156
115 116 22.9472
116 115 22.9472
104 116 96.346
116 104 96.346
89 180 17.1756
180 89 17.1756
133 196 99.7324
196 133 99.7324
1 254 14.737
254 1 14.737
162 26 86.545
26 162 86.545
272 124 73.5644
124 272 73.5644
192 100 60.9719
100 192 60.9719
60 47 55.9887
47 60 55.9887
117 124 86.4233
124 117 86.4233
227 178 78.0764
178 227 78.0764
179 136 38.2856
136 179 38.2856
231 109 25.6843
109 231 25.6843
106 95 39.7515
95 106 39.7515
251 242 58.8803
242 251 58.8803
172 168 83.6343
168 172 83.6343
116 228 17.8499
228 116 17.8499
39 100 24.0016
100 39 24.0016
99 280 60.3108
280 99 60.3108
124 194 83.0198
194 124 83.0198
258 51 66.3966
51 258 66.3966
154 65 29.1279
65 154 29.1279
30 111 74.5965
111 30 74.5965
49 163 67.9687
163 49 67.9687
255 172 99.9665
172 255 99.9665
28 162 34.5397
162 28 34.5397
46 118 74.9116
118 46 74.9116
223 135 83.0732
135 223 83.0732
190 162 77.6945
162 190 77.6945
125 67 97.6773
67 125 97.6773
124 244 58.0993
244 124 58.0993
245 153 68.4743
153 245 68.4743
134 98 94.6845
98 134 94.6845
210 185 59.0576
185 210 59.0576
2 190 21.3482
190 2 21.3482
174 265 63.7738
265 174 63.7738
57 43 39.6183
43 57 39.6183
103 20 27.0406
20 103 27.0406
24 212 18.4189
212 24 18.4189
73 120 81.9795
120 73 81.9795
264 267 59.3558
267 264 59.3558
136 113 23.1488
113 136 23.1488
50 273 25.7536
273 50 25.7536
75 144 21.7083
144 75 21.7083
9 280 27.3799
280 9 27.3799
242 171 70.3756
171 242 70.3756
260 229 28.5593
229 260 28.5593
60 217 28.4368
217 60 28.4368
58 257 39.5584
257 58 39.5584
256 46 62.902
46 256 62.902
46 14 25.9703
14 46 25.9703
248 145 37.4444
145 248 37.4444
39 212 99.8165
212 39 99.8165
63 260 65.4268
260 63 65.4268
263 46 66.6087
46 263 66.6087
38 138 48.9428
138 38 48.9428
198 133 56.616
133 198 56.616
52 129 76.6677
129 52 76.6677
92 129 47.3969
129 92 47.3969
96 274 83.6647
274 96 83.6647
143 53 50.7047
53 143 50.7047
202 62 99.4945
62 202 99.4945
24 193 55.9678
193 24 55.9678
211 249 87.3115
249 211 87.3115
15 196 49.8964
196 15 49.8964
225 28 37.6966
28 225 37.6966
270 122 46.989
122 270 46.989
163 47 83.0324
47 163 83.0324
263 186 70.0016
186 263 70.0016
3 251 40.8407
251 3 40.8407
216 163 57.8877
163 216 57.8877
186 25 36.9325
25 186 36.9325
263 102 19.4545
102 263 19.4545
97 126 27.3059
126 97 27.3059
185 97 64.8609
97 185 64.8609
215 148 96.3368
148 215 96.3368
210 271 17.2954
271 210 17.2954
139 99 70.4681
99 139 70.4681
193 178 65.5104
178 193 65.5104
96 122 40.3342
122 96 40.3342
197 147 32.4076
147 197 32.4076
9 75 29.2071
75 9 29.2071
13 280 51.7765
280 13 51.7765
83 170 43.5177
170 83 43.5177
20 46 58.8701
46 20 58.8701
265 73 53.0808
73 265 53.0808
228 254 36.6532
254 228 36.6532
76 162 82.5443
162 76 82.5443
214 72 73.0816
72 214 73.0816
165 133 35.3187
133 165 35.3187
155 274 28.8113
274 155 28.8113
13 98 17.0147
98 13 17.0147
191 275 10.3759
275 191 10.3759
90 181 66.5329
181 90 66.5329
114 108 29.8616
108 114 29.8616
111 65 20.7389
65 111 20.7389
86 142 95.0404
142 86 95.0404
265 148 94.7369
148 265 94.7369
144 275 26.7887
275 144 26.7887
33 36 18.2905
36 33 18.2905
51 257 97.1678
257 51 97.1678
185 78 21.1816
78 185 21.1816
262 19 86.9182
19 262 86.9182
229 148 76.9228
148 229 76.9228
265 126 38.0763
126 265 38.0763
88 221 24.5837
221 88 24.5837
123 190 32.5484
190 123 32.5484
158 54 74.0347
54 158 74.0347
253 8 44.051
8 253 44.051
84 56 52.4911
56 84 52.4911
233 155 32.5561
155 233 32.5561
32 75 67.1443
75 32 67.1443
277 213 30.1742
213 277 30.1742
148 73 86.3821
73 148 86.3821
66 105 15.3052
105 66 15.3052
170 14 91.3826
14 170 91.3826
149 280 56.8356
280 149 56.8356
197 244 47.315
244 197 47.315
133 20 16.9953
20 133 16.9953
273 118 86.4378
118 273 86.4378
17 164 83.8219
164 17 83.8219
221 46 80.0423
46 221 80.0423
0 193 62.4629
193 0 62.4629
247 211 28.8488
211 247 28.8488
145 29 61.5868
29 145 61.5868
81 92 71.7739
92 81 71.7739
115 109 23.0041
109 115 23.0041
117 30 72.3509
30 117 72.3509
258 42 56.9128
42 258 56.9128
66 119 66.6612
119 66 66.6612
29 254 40.6432
254 29 40.6432
87 241 87.7936
241 87 87.7936
106 93 93.2687
93 106 93.2687
207 263 58.649
263 207 58.649
251 92 33.1402
92 251 33.1402
279 19 47.3989
19 279 47.3989
208 154 13.833
154 208 13.833
107 279 38.644
279 107 38.644
154 194 47.717
194 154 47.717
215 196 20.8215
196 215 20.8215
146 41 73.8079
41 146 73.8079
175 234 89.4981
234 175 89.4981
180 183 80.534
183 180 80.534
35 115 28.7725
115 35 28.7725
22 245 41.0117
245 22 41.0117
139 135 48.0486
135 139 48.0486
260 191 55.7805
191 260 55.7805
259 142 67.1446
142 259 67.1446
68 130 33.7684
130 68 33.7684
53 76 14.6854
76 53 14.6854
67 70 54.7376
70 67 54.7376
188 71 47.8828
71 188 47.8828
200 188 70.3998
188 200 70.3998
267 166 32.7899
166 267 32.7899
141 54 58.6597
54 141 58.6597
45 108 73.917
108 45 73.917
152 166 33.3701
166 152 33.3701
280 168 26.4424
168 280 26.4424
6 246 66.5358
246 6 66.5358
278 130 39.872
130 278 39.872
170 113 19.348
113 170 19.348
47 15 84.9198
15 47 84.9198
222 70 58.5034
70 222 58.5034
190 25 39.476
25 190 39.476
117 215 95.587
215 117 95.587
73 64 96.4933
64 73 96.4933
32 242 35.8207
242 32 35.8207
238 208 33.3932
208 238 33.3932
193 110 54.1923
110 193 54.1923
35 141 91.0439
141 35 91.0439
165 30 18.7594
30 165 18.7594
219 277 50.363
277 219 50.363
253 188 99.3996
188 253 99.3996
247 226 63.7736
226 247 63.7736
278 217 54.6859
217 278 54.6859
16 244 37.7575
244 16 37.7575
3 52 98.4333
52 3 98.4333
231 174 37.6623
174 231 37.6623
183 259 72.6429
259 183 72.6429
157 280 23.2227
280 157 23.2227
242 110 68.7342
110 242 68.7342
164 72 61.9391
72 164 61.9391
29 169 29.938
169 29 29.938
84 258 36.1411
258 84 36.1411
149 204 64.8082
204 149 64.8082
241 184 18.0841
184 241 18.0841
73 122 10.2541
122 73 10.2541
16 258 46.0684
258 16 46.0684
70 145 91.061
145 70 91.061
204 40 65.179
40 204 65.179
31 182 75.9083
182 31 75.9083
170 206 82.5602
206 170 82.5602
124 58 49.0218
58 124 49.0218
269 121 16.6571
121 269 16.6571
216 48 52.7237
48 216 52.7237
210 186 44.2526
186 210 44.2526
13 272 30.5344
272 13 30.5344
264 232 25.758
232 264 25.758
241 206 53.9484
206 241 53.9484
196 178 71.5961
178 196 71.5961
164 48 57.8478
48 164 57.8478
89 57 94.4703
57 89 94.4703
258 199 54.1335
199 258 54.1335
139 9 96.4998
9 139 96.4998
54 208 82.966
208 54 82.966
38 244 50.4737
244 38 50.4737
232 49 99.7203
49 232 99.7203
49 171 35.6765
171 49 35.6765
197 242 34.3968
242 197 34.3968
269 4 75.8824
4 269 75.8824
185 72 75.0893
72 185 75.0893
89 95 62.0113
95 89 62.0113
113 166 81.4422
166 113 81.4422
144 190 34.0609
190 144 34.0609
264 55 53.7382
55 264 53.7382
278 104 49.1534
104 278 49.1534
146 28 78.565
28 146 78.565
5 141 23.6205
141 5 23.6205
52 253 52.8167
253 52 52.8167
7 251 39.7028
251 7 39.7028
68 79 55.9381
79 68 55.9381
38 177 91.1869
177 38 91.1869
5 219 94.5058
219 5 94.5058
202 59 94.584
59 202 94.584
250 183 37.7152
183 250 37.7152
236 271 78.2312
271 236 78.2312
235 97 88.2252
97 235 88.2252
57 193 65.6893
193 57 65.6893
181 93 49.1557
93 181 49.1557
172 87 19.0541
87 172 19.0541
263 157 33.9922
157 263 33.9922
39 146 95.3229
146 39 95.3229
222 277 54.0541
277 222 54.0541
185 169 51.7076
169 185 51.7076
108 153 11.9759
153 108 11.9759
47 88 39.5228
88 47 39.5228
99 171 41.2946
171 99 41.2946
75 198 37.2744
198 75 37.2744
238 271 75.0606
271 238 75.0606
34 130 58.4717
130 34 58.4717
169 35 94.5507
35 169 94.5507
226 128 54.8439
128 226 54.8439
201 43 28.9181
43 201 28.9181
54 171 73.0317
171 54 73.0317
197 175 46.504
175 197 46.504
16 42 10.1976
42 16 10.1976
158 118 44.8433
118 158 44.8433
95 101 56.5814
101 95 56.5814
129 138 68.704
138 129 68.704
240 68 48.5444
68 240 48.5444
144 101 51.1036
101 144 51.1036
245 140 92.3319
140 245 92.3319
208 180 86.3299
180 208 86.3299
2 163 74.7315
163 2 74.7315
268 96 29.031
96 268 29.031
57 228 10.4504
228 57 10.4504
36 6 87.4151
6 36 87.4151
268 170 75.5682
170 268 75.5682
215 138 81.955
138 215 81.955
91 99 29.6992
99 91 29.6992
191 100 90.9368
100 191 90.9368
30 256 41.0917
256 30 41.0917
171 21 69.9382
21 171 69.9382
221 258 87.1107
258 221 87.1107
59 166 52.1124
166 59 52.1124
91 119 40.5902
119 91 40.5902
230 115 17.1189
115 230 17.1189
227 194 43.0588
194 227 43.0588
190 169 78.7859
169 190 78.7859
244 239 69.494
239 244 69.494
154 145 29.0267
145 154 29.0267
259 89 72.5215
89 259 72.5215
62 2 34.2011
2 62 34.2011
279 249 70.4006
249 279 70.4006
17 90 42.0056
90 17 42.0056
30 80 97.1415
80 30 97.1415
80 27 48.9464
27 80 48.9464
165 84 33.7547
84 165 33.7547
16 264 98.4566
264 16 98.4566
169 239 11.9467
239 169 11.9467
48 39 61.0129
39 48 61.0129
38 122 99.4028
122 38 99.4028
194 18 91.9918
18 194 91.9918
144 87 36.1341
87 144 36.1341
182 207 43.3185
207 182 43.3185
279 181 98.8266
181 279 98.8266
110 33 21.0804
33 110 21.0804
152 186 60.3018
186 152 60.3018
66 69 54.5024
69 66 54.5024
267 261 76.7807
261 267 76.7807
236 188 50.3813
188 236 50.3813
20 167 75.2478
167 20 75.2478
61 152 62.7805
152 61 62.7805
155 221 88.3848
221 155 88.3848
118 271 69.7825
271 118 69.7825
90 36 61.8693
36 90 61.8693
240 39 78.1442
39 240 78.1442
21 158 85.888
158 21 85.888
278 120 50.8376
120 278 50.8376
258 273 67.2164
273 258 67.2164
45 130 22.7812
130 45 22.7812
125 184 22.3816
184 125 22.3816
107 133 65.3556
133 107 65.3556
267 158 31.2969
158 267 31.2969
41 232 39.0466
232 41 39.0466
216 107 79.0239
107 216 79.0239
1 84 31.342
84 1 31.342
183 32 58.105
32 183 58.105
16 194 76.54
194 16 76.54
118 254 23.0036
254 118 23.0036
273 44 89.2514
44 273 89.2514
39 222 34.8101
222 39 34.8101
279 31 80.5934
31 279 80.5934
69 108 37.4487
108 69 37.4487
184 238 34.811
238 184 34.811
201 141 15.0276
141 201 15.0276
17 206 34.5966
206 17 34.5966
21 118 91.1051
118 21 91.1051
188 95 92.1162
95 188 92.1162
182 1 55.0075
1 182 55.0075
23 122 88.2451
122 23 88.2451
259 124 22.6067
124 259 22.6067
124 99 93.8162
99 124 93.8162
246 101 17.9159
101 246 17.9159
268 44 83.05
44 268 83.05
245 201 75.0949
201 245 75.0949
197 253 58.9441
253 197 58.9441
36 210 47.5741
210 36 47.5741
114 227 41.2995
227 114 41.2995
161 144 15.9668
144 161 15.9668
199 76 70.9642
76 199 70.9642
138 80 80.108
80 138 80.108
60 95 89.076
95 60 89.076
124 47 97.4863
47 124 97.4863
91 178 10.1962
178 91 10.1962
31 66 77.9634
66 31 77.9634
105 19 95.0784
19 105 95.0784
231 136 78.7389
136 231 78.7389
95 162 57.8262
162 95 57.8262
113 239 15.7739
239 113 15.7739
179 41 43.5681
41 179 43.5681
67 224 76.6196
224 67 76.6196
97 183 55.3161
183 97 55.3161
113 99 48.5428
99 113 48.5428
153 35 55.3584
35 153 55.3584
156 68 80.5059
68 156 80.5059
135 113 52.1642
113 135 52.1642
135 101 68.4728
101 135 68.4728
166 119 93.1808
119 166 93.1808
160 32 46.245
32 160 46.245
168 178 36.0276
178 168 36.0276
277 8 85.0838
8 277 85.0838
252 263 68.73
263 252 68.73
47 27 36.0224
27 47 36.0224
162 70 59.9335
70 162 59.9335
101 208 83.4702
208 101 83.4702
29 8 70.9826
8 29 70.9826
75 211 99.3329
211 75 99.3329
250 262 46.5262
262 250 46.5262
207 75 92.2271
75 207 92.2271
277 104 43.0456
104 277 43.0456
3 220 68.7105
220 3 68.7105
185 62 50.927
62 185 50.927
103 223 99.9488
223 103 99.9488
104 164 90.539
164 104 90.539
84 256 17.9163
256 84 17.9163
38 240 92.3276
240 38 92.3276
175 52 62.8834
52 175 62.8834
246 213 38.0555
213 246 38.0555
262 110 29.4107
110 262 29.4107
256 97 54.1913
97 256 54.1913
259 122 17.1715
122 259 17.1715
160 172 96.5101
172 160 96.5101
204 279 50.5738
279 204 50.5738
142 250 29.1053
250 142 29.1053
195 272 63.3432
272 195 63.3432
127 161 30.4672
161 127 30.4672
188 25 65.6462
25 188 65.6462
271 153 28.3956
153 271 28.3956
33 109 19.2042
109 33 19.2042
210 163 37.8671
163 210 37.8671
224 210 97.9655
210 224 97.9655
198 64 24.7853
64 198 24.7853
21 65 82.638
65 21 82.638
12 180 23.031
180 12 23.031
238 94 31.7981
94 238 31.7981
7 79 26.0852
79 7 26.0852
280 273 52.7332
273 280 52.7332
214 174 15.9052
174 214 15.9052
49 209 22.9972
209 49 22.9972
0 110 20.882
110 0 20.882
156 142 40.7464
142 156 40.7464
27 166 49.128
166 27 49.128
136 40 14.4307
40 136 14.4307
29 92 94.2866
92 29 94.2866
33 186 77.6068
186 33 77.6068
203 167 88.7645
167 203 88.7645
27 16 18.1842
16 27 18.1842
15 85 38.1607
85 15 38.1607
102 249 78.6382
249 102 78.6382
35 107 96.2434
107 35 96.2434
198 59 26.4556
59 198 26.4556
200 252 23.5042
252 200 23.5042
176 23 68.8804
23 176 68.8804
126 182 46.5109
182 126 46.5109
126 117 99.1261
117 126 99.1261
26 107 76.9578
107 26 76.9578
79 247 33.8079
247 79 33.8079
194 249 19.0581
249 194 19.0581
114 262 64.4289
262 114 64.4289
139 46 82.9973
46 139 82.9973
211 144 13.2699
144 211 13.2699
48 76 32.8308
76 48 32.8308
246 146 72.0859
146 246 72.0859
256 206 86.6277
206 256 86.6277
104 61 33.5685
61 104 33.5685
168 144 26.8564
144 168 26.8564
221 247 39.4245
247 221 39.4245
216 42 92.9819
42 216 92.9819
138 83 24.2216
83 138 24.2216
128 279 99.6655
279 128 99.6655
110 12 52.7048
12 110 52.7048
159 243 32.7423
243 159 32.7423
72 229 17.4737
229 72 17.4737
146 6 33.1243
6 146 33.1243
208 120 54.4985
120 208 54.4985
0 251 31.8818
251 0 31.8818
183 129 22.5161
129 183 22.5161
134 90 58.5723
90 134 58.5723
144 182 93.3094
182 144 93.3094
42 110 54.3383
110 42 54.3383
21 190 51.6937
190 21 51.6937
252 0 49.2926
0 252 49.2926
228 46 89.014
46 228 89.014
25 251 41.2772
251 25 41.2772
145 23 50.2812
23 145 50.2812
236 107 15.6785
107 236 15.6785
208 126 76.9163
126 208 76.9163
75 240 34.4511
240 75 34.4511
87 181 51.1357
181 87 51.1357
278 157 43.8833
157 278 43.8833
153 164 64.1801
164 153 64.1801
65 72 98.8312
72 65 98.8312
250 43 71.49
43 250 71.49
230 207 30.5911
207 230 30.5911
228 32 43.3249
32 228 43.3249
114 73 91.576
73 114 91.576
26 59 48.5973
59 26 48.5973
42 129 29.3599
129 42 29.3599
106 248 94.1677
248 106 94.1677
235 270 24.0941
270 235 24.0941
108 197 30.2273
197 108 30.2273
170 222 42.3094
222 170 42.3094
116 70 96.9543
70 116 96.9543
249 79 13.3883
79 249 13.3883
112 26 13.1456
26 112 13.1456
263 155 89.7596
155 263 89.7596
171 19 79.6523
19 171 79.6523
141 174 72.742
174 141 72.742
68 14 28.0154
14 68 28.0154
149 13 54.3906
13 149 54.3906
31 90 58.7524
90 31 58.7524
105 180 98.1784
180 105 98.1784
2 250 26.0545
250 2 26.0545
52 273 82.4435
273 52 82.4435
83 274 13.5559
274 83 13.5559
212 218 18.2265
218 212 18.2265
260 141 94.1114
141 260 94.1114
116 103 28.2604
103 116 28.2604
122 92 10.3473
92 122 10.3473
99 261 99.6309
261 99 99.6309
108 157 85.1764
157 108 85.1764
187 163 27.6744
163 187 27.6744
173 126 47.0477
126 173 47.0477
99 40 78.028
40 99 78.028
248 240 27.0844
240 248 27.0844
172 113 98.9634
113 172 98.9634
78 27 81.9509
27 78 81.9509
279 232 42.9966
232 279 42.9966
168 275 30.1223
275 168 30.1223
158 73 88.7344
73 158 88.7344
91 73 23.1126
73 91 23.1126
241 273 67.1375
273 241 67.1375
148 17 98.7396
17 148 98.7396
186 116 41.0845
116 186 41.0845
38 250 45.2969
250 38 45.2969
117 210 37.0618
210 117 37.0618
135 132 81.6252
132 135 81.6252
116 272 16.0853
272 116 16.0853
6 70 71.3067
70 6 71.3067
73 141 30.5807
141 73 30.5807
168 117 26.8346
117 168 26.8346
92 31 58.725
31 92 58.725
220 193 63.9456
193 220 63.9456
239 126 56.615
126 239 56.615
28 83 49.5515
83 28 49.5515
174 126 74.7463
126 174 74.7463
99 94 22.9524
94 99 22.9524
58 42 45.0119
42 58 45.0119
33 211 21.8418
211 33 21.8418
134 144 85.2782
144 134 85.2782
259 148 29.8568
148 259 29.8568
272 137 77.1044
137 272 77.1044
128 59 20.6413
59 128 20.6413
210 121 96.0412
121 210 96.0412
186 70 90.8407
70 186 90.8407
158 78 97.6546
78 158 97.6546
231 214 96.2906
214 231 96.2906
14 168 33.51
168 14 33.51
263 82 37.2144
82 263 37.2144
194 230 79.0005
230 194 79.0005
188 157 35.9439
157 188 35.9439
7 176 94.4497
176 7 94.4497
56 165 70.3419
165 56 70.3419
252 55 97.0032
55 252 97.0032
80 68 64.5396
68 80 64.5396
16 44 62.9817
44 16 62.9817
54 168 12.4943
168 54 12.4943
58 23 17.2643
23 58 17.2643
229 98 33.7848
98 229 33.7848
118 110 89.0185
110 118 89.0185
63 81 33.6792
81 63 33.6792
189 255 49.6624
255 189 49.6624
213 142 59.8177
142 213 59.8177
225 106 55.5467
106 225 55.5467
75 41 17.5016
41 75 17.5016
176 18 20.7773
18 176 20.7773
58 226 25.515
226 58 25.515
209 275 39.3366
275 209 39.3366
228 249 60.9328
249 228 60.9328
14 83 20.7961
83 14 20.7961
238 172 66.8867
172 238 66.8867
81 74 93.6369
74 81 93.6369
19 235 56.3015
235 19 56.3015
241 117 71.4782
117 241 71.4782
182 244 53.8824
244 182 53.8824
242 167 27.4691
167 242 27.4691
89 19 66.8979
19 89 66.8979
97 21 55.4208
21 97 55.4208
43 35 54.1505
35 43 54.1505
69 236 78.1283
236 69 78.1283
83 16 57.419
16 83 57.419
243 126 72.6911
126 243 72.6911
84 210 17.9041
210 84 17.9041
97 2 55.5942
2 97 55.5942
274 137 42.0801
137 274 42.0801
175 72 53.2518
72 175 53.2518
124 217 87.7164
217 124 87.7164
71 51 24.8107
51 71 24.8107
14 109 79.7654
109 14 79.7654
8 170 39.2506
170 8 39.2506
90 99 12.6546
99 90 12.6546
179 241 29.2119
241 179 29.2119
18 136 82.2388
136 18 82.2388
110 230 97.3904
230 110 97.3904
210 278 71.4223
278 210 71.4223
120 36 87.5363
36 120 87.5363
66 151 52.477
151 66 52.477
141 111 43.0517
111 141 43.0517
14 252 22.2437
252 14 22.2437
114 107 40.6756
107 114 40.6756
184 192 30.8457
192 184 30.8457
134 164 14.1093
164 134 14.1093
234 50 53.858
50 234 53.858
106 232 39.6967
232 106 39.6967
76 226 31.4636
226 76 31.4636
162 125 63.2246
125 162 63.2246
166 127 86.8537
127 166 86.8537
251 40 75.3915
40 251 75.3915
36 252 84.2811
252 36 84.2811
54 279 39.2801
279 54 39.2801
134 76 74.5183
76 134 74.5183
190 199 90.565
199 190 90.565
47 195 12.4899
195 47 12.4899
71 29 93.2868
29 71 93.2868
6 161 70.5098
161 6 70.5098
102 213 27.1162
213 102 27.1162
216 164 42.8476
164 216 42.8476
109 55 84.5561
55 109 84.5561
36 68 40.4512
68 36 40.4512
254 138 19.7125
138 254 19.7125
250 46 81.5498
46 250 81.5498
44 133 68.8363
133 44 68.8363
97 32 92.4047
32 97 92.4047
235 36 17.4013
36 235 17.4013
158 280 70.1921
280 158 70.1921
214 24 18.2367
24 214 18.2367
236 249 24.3104
249 236 24.3104
137 43 80.4274
43 137 80.4274
92 74 39.1097
74 92 39.1097
144 7 24.5614
7 144 24.5614
80 63 56.3104
63 80 56.3104
210 130 91.0954
130 210 91.0954
95 99 33.8344
99 95 33.8344
252 54 29.3207
54 252 29.3207
0 22 59.2223
22 0 59.2223
275 78 18.7421
78 275 18.7421
64 113 67.3738
113 64 67.3738
125 106 74.3545
106 125 74.3545
216 99 12.4373
99 216 12.4373
264 37 70.9214
37 264 70.9214
227 208 46.5081
208 227 46.5081
217 111 91.3249
111 217 91.3249
160 62 47.1501
62 160 47.1501
106 41 36.0941
41 106 36.0941
14 74 41.6606
74 14 41.6606
176 64 74.539
64 176 74.539
31 163 65.3162
163 31 65.3162
181 188 55.9033
188 181 55.9033
108 132 89.5691
132 108 89.5691
161 131 37.7346
131 161 37.7346
247 234 42.1604
234 247 42.1604
211 136 73.077
136 211 73.077
226 264 92.9772
264 226 92.9772
96 207 73.6917
207 96 73.6917
239 236 81.7816
236 239 81.7816
154 51 38.8139
51 154 38.8139
131 72 86.1793
72 131 86.1793
161 276 75.715
276 161 75.715
177 240 60.9884
240 177 60.9884
195 81 43.6037
81 195 43.6037
15 265 20.6386
265 15 20.6386
45 253 40.3502
253 45 40.3502
154 44 19.8579
44 154 19.8579
188 22 26.8978
22 188 26.8978
46 99 11.1264
99 46 11.1264
145 131 15.8196
131 145 15.8196
31 41 79.1652
41 31 79.1652
46 179 83.6463
179 46 83.6463
188 10 55.2881
10 188 55.2881
226 3 69.0141
3 226 69.0141
133 129 59.1822
129 133 59.1822
242 106 57.9117
106 242 57.9117
252 103 12.934
103 252 12.934
227 33 16.4931
33 227 16.4931
254 212 29.4806
212 254 29.4806
130 224 23.5043
224 130 23.5043
182 93 96.1755
93 182 96.1755
260 249 47.9298
249 260 47.9298
9 21 61.092
21 9 61.092
117 95 41.1093
95 117 41.1093
250 180 57.968
180 250 57.968
219 86 70.3158
86 219 70.3158
231 155 56.2534
155 231 56.2534
139 17 61.3382
17 139 61.3382
2 214 32.9972
214 2 32.9972
160 262 93.3397
262 160 93.3397
80 262 58.5558
262 80 58.5558
30 2 20.6268
2 30 20.6268
100 52 69.2721
52 100 69.2721
190 160 63.8139
160 190 63.8139
230 269 84.6734
269 230 84.6734
51 201 48.6855
201 51 48.6855
259 230 48.7002
230 259 48.7002
171 134 75.7717
134 171 75.7717
76 123 28.5973
123 76 28.5973
104 129 79.7991
129 104 79.7991
26 77 72.169
77 26 72.169
153 89 83.3428
89 153 83.3428
124 232 55.3362
232 124 55.3362
214 134 57.5006
134 214 57.5006
260 276 13.8204
276 260 13.8204
17 156 11.0494
156 17 11.0494
134 206 17.5659
206 134 17.5659
274 125 51.7339
125 274 51.7339
185 130 41.5102
130 185 41.5102
42 187 26.7884
187 42 26.7884
53 71 86.6499
71 53 86.6499
135 59 58.4913
59 135 58.4913
166 232 39.766
232 166 39.766
85 126 91.596
126 85 91.596
244 136 85.1481
136 244 85.1481
243 41 66.3764
41 243 66.3764
71 248 45.3093
248 71 45.3093
17 43 49.6783
43 17 49.6783
65 251 67.4545
251 65 67.4545
66 91 92.1983
91 66 92.1983
195 105 44.4888
105 195 44.4888
270 186 55.0067
186 270 55.0067
148 197 68.1382
197 148 68.1382
153 30 26.251
30 153 26.251
66 51 58.9077
51 66 58.9077
117 147 13.2353
147 117 13.2353
48 19 26.6973
19 48 26.6973
136 60 86.8915
60 136 86.8915
46 170 32.7626
170 46 32.7626
192 87 60.7845
87 192 60.7845
189 81 81.9771
81 189 81.9771
206 124 98.5528
124 206 98.5528
69 37 25.8414
37 69 25.8414
10 120 14.8108
120 10 14.8108
107 30 85.5062
30 107 85.5062
279 254 53.6197
254 279 53.6197
141 235 73.0313
235 141 73.0313
15 183 77.0234
183 15 77.0234
204 214 99.4766
214 204 99.4766
272 184 46.1287
184 272 46.1287
176 67 76.4405
67 176 76.4405
134 236 29.0792
236 134 29.0792
158 161 87.2364
161 158 87.2364
196 206 14.6979
206 196 14.6979
75 224 10.3253
224 75 10.3253
73 95 38.6518
95 73 38.6518
150 183 97.2295
183 150 97.2295
200 151 85.4728
151 200 85.4728
119 63 55.819
63 119 55.819
136 43 90.133
43 136 90.133
45 27 58.9918
27 45 58.9918
83 273 48.7656
273 83 48.7656
84 81 96.6669
81 84 96.6669
133 155 56.0451
155 133 56.0451
30 127 48.7893
127 30 48.7893
253 279 16.7277
279 253 16.7277
137 52 81.7305
52 137 81.7305
8 126 29.9364
126 8 29.9364
272 80 86.3275
80 272 86.3275
270 148 69.4818
148 270 69.4818
102 110 66.7353
110 102 66.7353
267 146 35.8857
146 267 35.8857
39 183 52.1425
183 39 52.1425
50 208 29.4948
208 50 29.4948
93 90 44.6865
90 93 44.6865
148 27 77.1042
27 148 77.1042
83 234 58.9103
234 83 58.9103
52 173 91.3281
173 52 91.3281
166 186 39.5199
186 166 39.5199
