142 2250 73 4
1 0 24.3165
0 1 24.3165
2 0 78.2222
0 2 78.2222
3 1 76.9205
1 3 76.9205
4 2 25.8997
2 4 25.8997
5 1 73.3947
1 5 73.3947
6 3 12.3397
3 6 12.3397
7 2 49.2753
2 7 49.2753
8 5 63.3405
5 8 63.3405
9 6 23.1388
6 9 23.1388
10 2 85.2567
2 10 85.2567
11 4 32.1454
4 11 32.1454
12 0 49.5513
0 12 49.5513
13 12 19.2233
12 13 19.2233
14 3 65.5036
3 14 65.5036
15 14 84.1519
14 15 84.1519
16 11 84.3705
11 16 84.3705
17 6 39.2416
6 17 39.2416
18 8 84.4689
8 18 84.4689
19 10 77.3199
10 19 77.3199
20 12 16.9367
12 20 16.9367
21 18 69.1791
18 21 69.1791
22 15 22.893
15 22 22.893
23 16 41.1157
16 23 41.1157
24 4 43.377
4 24 43.377
25 21 13.3959
21 25 13.3959
26 17 20.5984
17 26 20.5984
27 4 66.334
4 27 66.334
28 16 14.4307
16 28 14.4307
29 9 12.0288
9 29 12.0288
30 17 29.6765
17 30 29.6765
31 16 37.4038
16 31 37.4038
32 5 86.5921
5 32 86.5921
33 13 50.1309
13 33 50.1309
34 6 84.4985
6 34 84.4985
35 5 98.985
5 35 98.985
36 33 74.2644
33 36 74.2644
37 24 29.0217
24 37 29.0217
38 7 89.1368
7 38 89.1368
39 27 96.5363
27 39 96.5363
40 3 47.1696
3 40 47.1696
41 11 42.2731
11 41 42.2731
42 33 40.5834
33 42 40.5834
43 39 39.039
39 43 39.039
44 41 74.715
41 44 74.715
45 20 69.9196
20 45 69.9196
46 3 93.4277
3 46 93.4277
47 26 22.0619
26 47 22.0619
48 36 90.4136
36 48 90.4136
49 48 71.3336
48 49 71.3336
50 21 83.6638
21 50 83.6638
51 14 58.2878
14 51 58.2878
52 44 39.8823
44 52 39.8823
53 2 67.5202
2 53 67.5202
54 5 10.4268
5 54 10.4268
55 48 26.9364
48 55 26.9364
56 34 84.4326
34 56 84.4326
57 49 82.0577
49 57 82.0577
58 30 89.1128
30 58 89.1128
59 48 74.0237
48 59 74.0237
60 19 86.9973
19 60 86.9973
61 53 64.984
53 61 64.984
62 1 92.2681
1 62 92.2681
63 14 97.5098
14 63 97.5098
64 63 83.8596
63 64 83.8596
65 35 58.0763
35 65 58.0763
66 63 69.8341
63 66 69.8341
67 25 11.0592
25 67 11.0592
68 22 13.2527
22 68 13.2527
69 18 85.8634
18 69 85.8634
70 28 51.6199
28 70 51.6199
71 68 62.2707
68 71 62.2707
72 30 15.2906
30 72 15.2906
73 55 49.688
55 73 49.688
74 8 31.859
8 74 31.859
75 72 29.7371
72 75 29.7371
76 60 58.3484
60 76 58.3484
77 17 43.5284
17 77 43.5284
78 65 74.5936
65 78 74.5936
79 19 93.1852
19 79 93.1852
80 52 42.3544
52 80 42.3544
81 56 48.9472
56 81 48.9472
82 62 40.0644
62 82 40.0644
83 5 61.3171
5 83 61.3171
84 60 87.8283
60 84 87.8283
85 0 61.1372
0 85 61.1372
86 49 28.9776
49 86 28.9776
87 13 93.9982
13 87 93.9982
88 72 71.6826
72 88 71.6826
89 23 11.08
23 89 11.08
90 59 74.2013
59 90 74.2013
91 28 74.2998
28 91 74.2998
92 55 83.9959
55 92 83.9959
93 52 60.1381
52 93 60.1381
94 31 60.0149
31 94 60.0149
95 85 13.339
85 95 13.339
96 74 45.0701
74 96 45.0701
97 73 67.2783
73 97 67.2783
98 2 69.3732
2 98 69.3732
99 65 15.16
65 99 15.16
100 54 29.8966
54 100 29.8966
101 3 99.0753
3 101 99.0753
102 5 68.7534
5 102 68.7534
103 63 69.4328
63 103 69.4328
104 20 35.1201
20 104 35.1201
105 88 73.7131
88 105 73.7131
106 91 21.6444
91 106 21.6444
107 6 17.7346
6 107 17.7346
108 78 91.5029
78 108 91.5029
109 76 23.6989
76 109 23.6989
110 92 75.361
92 110 75.361
111 37 99.5801
37 111 99.5801
112 87 46.1971
87 112 46.1971
113 78 60.0955
78 113 60.0955
114 35 91.9893
35 114 91.9893
115 62 83.2652
62 115 83.2652
116 88 55.4801
88 116 55.4801
117 32 54.296
32 117 54.296
118 96 66.0497
96 118 66.0497
119 21 18.0849
21 119 18.0849
120 68 60.5341
68 120 60.5341
121 9 19.4331
9 121 19.4331
122 80 98.2934
80 122 98.2934
123 111 79.8465
111 123 79.8465
124 36 50.7614
36 124 50.7614
125 3 55.0456
3 125 55.0456
126 82 30.8766
82 126 30.8766
127 119 91.8048
119 127 91.8048
128 65 20.2413
65 128 20.2413
129 41 38.3491
41 129 38.3491
130 16 29.3477
16 130 29.3477
131 0 87.1623
0 131 87.1623
132 84 93.1696
84 132 93.1696
133 5 48.0509
5 133 48.0509
134 104 68.1425
104 134 68.1425
135 24 65.8249
24 135 65.8249
136 98 87.7649
98 136 87.7649
137 65 66.6808
65 137 66.6808
138 117 61.8253
117 138 61.8253
139 49 30.8597
49 139 30.8597
140 135 54.2717
135 140 54.2717
141 30 18.1828
30 141 18.1828
20 98 57.2261
98 20 57.2261
106 45 15.6227
45 106 15.6227
106 135 17.059
135 106 17.059
66 20 30.8724
20 66 30.8724
57 32 65.2422
32 57 65.2422
3 52 22.6416
52 3 22.6416
102 79 44.9639
79 102 44.9639
83 80 54.8953
80 83 54.8953
9 37 51.48
37 9 51.48
38 6 86.3706
6 38 86.3706
17 119 84.1946
119 17 84.1946
77 45 82.2279
45 77 82.2279
19 118 18.5978
118 19 18.5978
122 109 23.294
109 122 23.294
127 94 40.3192
94 127 40.3192
12 53 70.94
53 12 70.94
82 130 95.5804
130 82 95.5804
109 66 88.4275
66 109 88.4275
30 135 15.3427
135 30 15.3427
104 100 41.6972
100 104 41.6972
103 107 69.223
107 103 69.223
2 64 32.6954
64 2 32.6954
81 87 97.4511
87 81 97.4511
141 46 55.0731
46 141 55.0731
88 17 12.3972
17 88 12.3972
52 11 11.2379
11 52 11.2379
120 103 95.0239
103 120 95.0239
17 113 21.4693
113 17 21.4693
107 124 79.9335
124 107 79.9335
13 112 41.4754
112 13 41.4754
137 25 77.459
25 137 77.459
118 2 53.0679
2 118 53.0679
77 89 26.4516
89 77 26.4516
137 66 65.2863
66 137 65.2863
36 3 43.9472
3 36 43.9472
22 87 54.2723
87 22 54.2723
95 22 83.1445
22 95 83.1445
44 49 48.2886
49 44 48.2886
37 101 28.5343
101 37 28.5343
80 65 32.5802
65 80 32.5802
83 10 60.7097
10 83 60.7097
98 19 43.2053
19 98 43.2053
96 62 72.0341
62 96 72.0341
4 57 11.1488
57 4 11.1488
101 88 24.4757
88 101 24.4757
130 75 31.6443
75 130 31.6443
42 101 65.196
101 42 65.196
130 69 48.0109
69 130 48.0109
20 38 82.2278
38 20 82.2278
106 23 81.4339
23 106 81.4339
42 93 24.8341
93 42 24.8341
135 128 87.2022
128 135 87.2022
124 98 35.5732
98 124 35.5732
78 136 29.4458
136 78 29.4458
18 111 12.6977
111 18 12.6977
46 45 38.688
45 46 38.688
97 69 85.248
69 97 85.248
31 27 11.4077
27 31 11.4077
40 58 62.3803
58 40 62.3803
15 17 90.6937
17 15 90.6937
77 54 80.3453
54 77 80.3453
77 25 55.6208
25 77 55.6208
132 110 63.7841
110 132 63.7841
120 98 49.5737
98 120 49.5737
114 122 54.9332
122 114 54.9332
50 117 74.5268
117 50 74.5268
72 108 90.6761
108 72 90.6761
132 103 61.2988
103 132 61.2988
107 130 15.5892
130 107 15.5892
130 94 54.4252
94 130 54.4252
38 24 74.9225
24 38 74.9225
17 138 80.0819
138 17 80.0819
128 84 81.517
84 128 81.517
63 46 93.3883
46 63 93.3883
84 78 73.9377
78 84 73.9377
67 122 68.4508
122 67 68.4508
118 141 16.0336
141 118 16.0336
77 121 79.4138
121 77 79.4138
52 31 49.9705
31 52 49.9705
8 43 51.4308
43 8 51.4308
80 59 50.2444
59 80 50.2444
57 128 76.3577
128 57 76.3577
112 124 59.1075
124 112 59.1075
74 132 65.8602
132 74 65.8602
24 126 52.9518
126 24 52.9518
83 50 59.3132
50 83 59.3132
92 63 33.906
63 92 33.906
70 7 42.0479
7 70 42.0479
30 37 58.4325
37 30 58.4325
139 111 72.2837
111 139 72.2837
51 106 83.6728
106 51 83.6728
16 52 36.9116
52 16 36.9116
66 135 91.4637
135 66 91.4637
136 10 83.0372
10 136 83.0372
86 69 33.8309
69 86 33.8309
91 46 71.0342
46 91 71.0342
141 67 81.3997
67 141 81.3997
20 18 85.1054
18 20 85.1054
29 131 85.6386
131 29 85.6386
97 22 17.2306
22 97 17.2306
126 72 72.2538
72 126 72.2538
106 31 32.8346
31 106 32.8346
123 45 75.0603
45 123 75.0603
67 55 55.7761
55 67 55.7761
62 13 81.01
13 62 81.01
88 94 80.8125
94 88 80.8125
126 87 22.998
87 126 22.998
57 112 69.1657
112 57 69.1657
137 75 20.0942
75 137 20.0942
116 12 16.181
12 116 16.181
80 23 18.0667
23 80 18.0667
23 120 14.7901
120 23 14.7901
112 5 75.7352
5 112 75.7352
78 9 17.2908
9 78 17.2908
137 31 55.6902
31 137 55.6902
42 23 58.284
23 42 58.284
112 48 62.0865
48 112 62.0865
88 135 52.9694
135 88 52.9694
129 37 90.9616
37 129 90.9616
91 61 60.3213
61 91 60.3213
127 98 59.5539
98 127 59.5539
98 78 22.6333
78 98 22.6333
28 63 22.9571
63 28 22.9571
65 138 64.5797
138 65 64.5797
107 41 75.2365
41 107 75.2365
129 68 79.5404
68 129 79.5404
112 43 54.0399
43 112 54.0399
139 62 63.165
62 139 63.165
37 113 80.5536
113 37 80.5536
37 130 50.8152
130 37 50.8152
137 136 64.8762
136 137 64.8762
137 138 62.4689
138 137 62.4689
18 62 71.0069
62 18 71.0069
100 94 21.2414
94 100 21.2414
69 8 16.4143
8 69 16.4143
125 86 74.9633
86 125 74.9633
139 58 66.711
58 139 66.711
75 44 21.9378
44 75 21.9378
95 90 51.7426
90 95 51.7426
94 66 97.453
66 94 97.453
74 99 99.3299
99 74 99.3299
123 46 94.4114
46 123 94.4114
66 45 17.316
45 66 17.316
93 121 64.0535
121 93 64.0535
54 29 89.8806
29 54 89.8806
46 37 77.8005
37 46 77.8005
119 113 86.7798
113 119 86.7798
136 25 88.3242
25 136 88.3242
135 111 51.2409
111 135 51.2409
101 24 33.2196
24 101 33.2196
139 110 33.9759
110 139 33.9759
12 82 18.2401
82 12 18.2401
122 75 55.3712
75 122 55.3712
84 61 48.4611
61 84 48.4611
60 22 29.6324
22 60 29.6324
141 11 47.3082
11 141 47.3082
111 41 92.0251
41 111 92.0251
71 27 32.4249
27 71 32.4249
99 110 39.7849
110 99 39.7849
3 44 57.0545
44 3 57.0545
124 8 45.2818
8 124 45.2818
130 72 69.5814
72 130 69.5814
99 73 65.1789
73 99 65.1789
26 81 41.9493
81 26 41.9493
66 54 44.8344
54 66 44.8344
62 32 23.9078
32 62 23.9078
50 81 38.1002
81 50 38.1002
83 19 57.204
19 83 57.204
120 117 39.1926
117 120 39.1926
77 39 21.6175
39 77 21.6175
8 93 81.5167
93 8 81.5167
135 118 21.7676
118 135 21.7676
25 131 44.1311
131 25 44.1311
126 100 21.9985
100 126 21.9985
12 62 24.1577
62 12 24.1577
122 54 20.8466
54 122 20.8466
89 18 95.9893
18 89 95.9893
121 27 68.8079
27 121 68.8079
39 107 94.9231
107 39 94.9231
34 33 57.2411
33 34 57.2411
2 80 81.2242
80 2 81.2242
90 48 83.6631
48 90 83.6631
53 104 66.2484
104 53 66.2484
31 20 86.9308
20 31 86.9308
89 51 70.7837
51 89 70.7837
4 109 13.9638
109 4 13.9638
0 100 10.3277
100 0 10.3277
37 59 95.2292
59 37 95.2292
105 94 32.8766
94 105 32.8766
44 121 92.6081
121 44 92.6081
29 41 75.1798
41 29 75.1798
14 70 45.2389
70 14 45.2389
64 140 93.7698
140 64 93.7698
115 68 11.6323
68 115 11.6323
22 139 88.4309
139 22 88.4309
55 27 63.3711
27 55 63.3711
101 8 71.4611
8 101 71.4611
139 39 97.7172
39 139 97.7172
56 133 79.7867
133 56 79.7867
102 52 28.0261
52 102 28.0261
115 141 30.0729
141 115 30.0729
60 8 93.7562
8 60 93.7562
141 106 65.8916
106 141 65.8916
92 93 91.6961
93 92 91.6961
13 70 95.9968
70 13 95.9968
81 29 81.4707
29 81 81.4707
22 114 15.5381
114 22 15.5381
42 127 16.8476
127 42 16.8476
65 82 98.612
82 65 98.612
31 78 82.8996
78 31 82.8996
58 95 39.4156
95 58 39.4156
121 22 12.8557
22 121 12.8557
43 84 95.5104
84 43 95.5104
33 3 43.3888
3 33 43.3888
46 38 22.6069
38 46 22.6069
120 25 93.3775
25 120 93.3775
1 89 70.7861
89 1 70.7861
59 110 39.8773
110 59 39.8773
33 135 59.8555
135 33 59.8555
89 104 23.4662
104 89 23.4662
3 2 75.5134
2 3 75.5134
89 2 72.7108
2 89 72.7108
72 112 62.2054
112 72 62.2054
117 136 47.1795
136 117 47.1795
57 97 60.8292
97 57 60.8292
112 101 35.4998
101 112 35.4998
20 89 21.6131
89 20 21.6131
82 114 57.9977
114 82 57.9977
80 123 85.17
123 80 85.17
38 78 75.5321
78 38 75.5321
112 60 38.4274
60 112 38.4274
119 42 48.1132
42 119 48.1132
75 121 29.6167
121 75 29.6167
140 56 20.5701
56 140 20.5701
107 78 93.2323
78 107 93.2323
14 72 42.6566
72 14 42.6566
2 42 19.3575
42 2 19.3575
125 100 66.8964
100 125 66.8964
110 73 32.0569
73 110 32.0569
36 139 89.0928
139 36 89.0928
99 89 90.9562
89 99 90.9562
107 12 21.6517
12 107 21.6517
68 61 49.5355
61 68 49.5355
69 60 81.1154
60 69 81.1154
72 103 89.2453
103 72 89.2453
13 18 77.3584
18 13 77.3584
85 26 81.8568
26 85 81.8568
17 89 86.4858
89 17 86.4858
92 96 27.8883
96 92 27.8883
6 125 31.3614
125 6 31.3614
134 35 57.0446
35 134 57.0446
106 92 65.9848
92 106 65.9848
61 66 96.1674
66 61 96.1674
64 74 19.4364
74 64 19.4364
133 58 82.2635
58 133 82.2635
109 138 17.6937
138 109 17.6937
55 103 89.3124
103 55 89.3124
22 61 70.6502
61 22 70.6502
139 127 40.9417
127 139 40.9417
47 14 88.6514
14 47 88.6514
69 58 74.1093
58 69 74.1093
15 31 58.6637
31 15 58.6637
93 14 47.1667
14 93 47.1667
127 136 50.5201
136 127 50.5201
72 55 25.7495
55 72 25.7495
42 118 83.1196
118 42 83.1196
105 79 92.9356
79 105 92.9356
123 112 28.0362
112 123 28.0362
3 65 12.8326
65 3 12.8326
94 10 60.8849
10 94 60.8849
54 64 81.7556
64 54 81.7556
48 6 50.6661
6 48 50.6661
97 70 26.1098
70 97 26.1098
64 32 41.1385
32 64 41.1385
17 110 36.3669
110 17 36.3669
10 73 40.4458
73 10 40.4458
25 42 23.1331
42 25 23.1331
114 125 34.23
125 114 34.23
119 60 18.8171
60 119 18.8171
77 1 31.7684
1 77 31.7684
132 18 46.1977
18 132 46.1977
125 38 61.1095
38 125 61.1095
50 52 75.7254
52 50 75.7254
45 75 78.8932
75 45 78.8932
98 64 86.09
64 98 86.09
104 84 58.5894
84 104 58.5894
101 136 70.1311
136 101 70.1311
80 89 18.8705
89 80 18.8705
13 43 24.3127
43 13 24.3127
9 105 73.3895
105 9 73.3895
36 60 22.8459
60 36 22.8459
105 0 94.2127
0 105 94.2127
61 31 80.2942
31 61 80.2942
138 18 80.4631
18 138 80.4631
69 17 56.8929
17 69 56.8929
31 30 53.3068
30 31 53.3068
73 130 25.5552
130 73 25.5552
27 69 14.9132
69 27 14.9132
34 24 70.2723
24 34 70.2723
17 52 48.1939
52 17 48.1939
140 30 71.3973
30 140 71.3973
17 10 51.9077
10 17 51.9077
13 126 66.8319
126 13 66.8319
71 128 30.1452
128 71 30.1452
141 78 18.2854
78 141 18.2854
132 126 71.0201
126 132 71.0201
10 89 48.3852
89 10 48.3852
11 119 15.047
119 11 15.047
23 58 71.5596
58 23 71.5596
15 16 70.1908
16 15 70.1908
101 34 44.3866
34 101 44.3866
38 81 53.0787
81 38 53.0787
139 93 59.4904
93 139 59.4904
67 11 95.0307
11 67 95.0307
3 137 32.0804
137 3 32.0804
84 76 89.958
76 84 89.958
92 21 59.5071
21 92 59.5071
112 14 63.7345
14 112 63.7345
38 66 63.7399
66 38 63.7399
50 30 94.161
30 50 94.161
21 81 19.407
81 21 19.407
15 28 45.8702
28 15 45.8702
128 136 63.1766
136 128 63.1766
115 27 76.0401
27 115 76.0401
40 99 55.5175
99 40 55.5175
55 101 12.4666
101 55 12.4666
65 74 47.6943
74 65 47.6943
52 68 87.8759
68 52 87.8759
117 36 55.4886
36 117 55.4886
106 61 53.9448
61 106 53.9448
54 79 52.5313
79 54 52.5313
107 51 78.6709
51 107 78.6709
47 72 69.8438
72 47 69.8438
138 96 97.9108
96 138 97.9108
9 19 84.7559
19 9 84.7559
52 76 74.3854
76 52 74.3854
92 60 57.8737
60 92 57.8737
110 41 42.9838
41 110 42.9838
78 71 96.2737
71 78 96.2737
57 16 80.9061
16 57 80.9061
11 34 74.9233
34 11 74.9233
77 87 12.8934
87 77 12.8934
141 44 94.6151
44 141 94.6151
16 120 69.48
120 16 69.48
77 72 41.183
72 77 41.183
94 16 41.7465
16 94 41.7465
6 53 69.4507
53 6 69.4507
82 7 12.4141
7 82 12.4141
115 8 79.0136
8 115 79.0136
92 13 39.8734
13 92 39.8734
52 85 71.1699
85 52 71.1699
75 15 26.7246
15 75 26.7246
13 7 35.434
7 13 35.434
96 42 50.3112
42 96 50.3112
115 83 17.5566
83 115 17.5566
100 76 68.4013
76 100 68.4013
108 129 81.5023
129 108 81.5023
74 125 93.9513
125 74 93.9513
67 71 16.851
71 67 16.851
42 61 46.1253
61 42 46.1253
113 8 10.2895
8 113 10.2895
31 111 17.7537
111 31 17.7537
49 23 99.4764
23 49 99.4764
48 117 82.4442
117 48 82.4442
51 112 48.5627
112 51 48.5627
46 76 84.6917
76 46 84.6917
44 114 99.6663
114 44 99.6663
100 132 36.0538
132 100 36.0538
114 1 31.0503
1 114 31.0503
64 91 98.1666
91 64 98.1666
36 29 61.7777
29 36 61.7777
18 52 61.3851
52 18 61.3851
103 66 42.1433
66 103 42.1433
29 111 80.0139
111 29 80.0139
38 34 85.6736
34 38 85.6736
36 64 32.1557
64 36 32.1557
55 49 98.4589
49 55 98.4589
125 35 90.2867
35 125 90.2867
43 58 86.0032
58 43 86.0032
12 50 69.313
50 12 69.313
133 91 86.3835
91 133 86.3835
37 14 93.7677
14 37 93.7677
14 111 45.2616
111 14 45.2616
37 27 46.1426
27 37 46.1426
23 27 49.4359
27 23 49.4359
59 57 16.4379
57 59 16.4379
1 8 35.7939
8 1 35.7939
136 37 25.7663
37 136 25.7663
28 3 30.4528
3 28 30.4528
75 136 94.671
136 75 94.671
94 26 68.8052
26 94 68.8052
96 99 29.0374
99 96 29.0374
92 118 69.7582
118 92 69.7582
19 0 92.7921
0 19 92.7921
36 103 10.5737
103 36 10.5737
134 48 59.5884
48 134 59.5884
23 17 40.9909
17 23 40.9909
70 127 53.1491
127 70 53.1491
103 74 96.9278
74 103 96.9278
9 120 34.3945
120 9 34.3945
20 44 27.3001
44 20 27.3001
101 103 16.8076
103 101 16.8076
80 51 68.8221
51 80 68.8221
27 126 79.331
126 27 79.331
32 109 39.436
109 32 39.436
70 134 97.0353
134 70 97.0353
132 55 59.1317
55 132 59.1317
68 57 37.0479
57 68 37.0479
61 33 34.0874
33 61 34.0874
136 32 78.5291
32 136 78.5291
102 78 11.2795
78 102 11.2795
126 7 65.2428
7 126 65.2428
140 17 74.4694
17 140 74.4694
116 99 42.5713
99 116 42.5713
45 33 42.0192
33 45 42.0192
75 31 92.863
31 75 92.863
130 134 64.3936
134 130 64.3936
82 124 57.5911
124 82 57.5911
33 20 18.8189
20 33 18.8189
137 4 65.7113
4 137 65.7113
80 68 54.1181
68 80 54.1181
96 9 86.3701
9 96 86.3701
106 41 13.1038
41 106 13.1038
53 63 85.4352
63 53 85.4352
45 121 63.5415
121 45 63.5415
133 66 24.8927
66 133 24.8927
8 52 46.595
52 8 46.595
13 76 45.9516
76 13 45.9516
17 65 34.9031
65 17 34.9031
51 12 63.1013
12 51 63.1013
107 138 29.4893
138 107 29.4893
43 138 96.8787
138 43 96.8787
0 37 47.2136
37 0 47.2136
130 120 98.6199
120 130 98.6199
90 38 99.5462
38 90 99.5462
73 104 85.6972
104 73 85.6972
2 9 25.6202
9 2 25.6202
139 37 94.8176
37 139 94.8176
66 16 72.2955
16 66 72.2955
106 121 76.9126
121 106 76.9126
6 104 88.4186
104 6 88.4186
75 59 40.2054
59 75 40.2054
52 6 28.8086
6 52 28.8086
121 108 44.3889
108 121 44.3889
34 68 37.7982
68 34 37.7982
9 95 88.04
95 9 88.04
83 128 66.4905
128 83 66.4905
31 51 18.7298
51 31 18.7298
114 130 51.506
130 114 51.506
14 7 55.5041
7 14 55.5041
121 2 48.8989
2 121 48.8989
32 3 44.8342
3 32 44.8342
112 90 49.7508
90 112 49.7508
74 112 96.8847
112 74 96.8847
126 6 56.1799
6 126 56.1799
31 54 60.6902
54 31 60.6902
76 64 96.0908
64 76 96.0908
68 127 80.6514
127 68 80.6514
23 119 57.0983
119 23 57.0983
33 26 66.5128
26 33 66.5128
136 121 58.091
121 136 58.091
35 66 88.212
66 35 88.212
15 130 78.2075
130 15 78.2075
116 107 44.0605
107 116 44.0605
64 58 68.6804
58 64 68.6804
16 118 77.1867
118 16 77.1867
123 97 97.3852
97 123 97.3852
79 13 98.5844
13 79 98.5844
111 116 54.0494
116 111 54.0494
34 94 20.0263
94 34 20.0263
35 64 88.075
64 35 88.075
10 38 99.544
38 10 99.544
60 113 91.6252
113 60 91.6252
3 9 27.8037
9 3 27.8037
56 71 35.7244
71 56 35.7244
110 65 95.8188
65 110 95.8188
79 110 58.6849
110 79 58.6849
140 7 25.817
7 140 25.817
107 2 13.24
2 107 13.24
16 136 86.0293
136 16 86.0293
129 36 12.8331
36 129 12.8331
14 30 10.7115
30 14 10.7115
114 55 84.8695
55 114 84.8695
110 116 97.7776
116 110 97.7776
61 51 46.4331
51 61 46.4331
92 100 27.5842
100 92 27.5842
22 19 76.0599
19 22 76.0599
89 65 49.3004
65 89 49.3004
126 95 81.5863
95 126 81.5863
43 116 42.984
116 43 42.984
6 139 83.0045
139 6 83.0045
127 33 54.5694
33 127 54.5694
0 43 86.0473
43 0 86.0473
6 41 93.8296
41 6 93.8296
40 110 95.6112
110 40 95.6112
94 30 74.8388
30 94 74.8388
53 59 69.2868
59 53 69.2868
69 71 98.2261
71 69 98.2261
71 23 40.8952
23 71 40.8952
62 4 42.4699
4 62 42.4699
34 22 29.6363
22 34 29.6363
127 12 57.1618
12 127 57.1618
75 30 87.3247
30 75 87.3247
11 9 63.9474
9 11 63.9474
137 104 25.9906
104 137 25.9906
132 16 29.2068
16 132 29.2068
52 53 68.0927
53 52 68.0927
64 25 56.085
25 64 56.085
55 141 73.0984
141 55 73.0984
14 2 58.8491
2 14 58.8491
36 97 30.7043
97 36 30.7043
22 83 29.1216
83 22 29.1216
20 102 46.6294
102 20 46.6294
135 125 46.4224
125 135 46.4224
135 49 81.513
49 135 81.513
18 63 76.4725
63 18 76.4725
53 49 78.3665
49 53 78.3665
28 8 87.921
8 28 87.921
103 17 37.8396
17 103 37.8396
49 45 18.9088
45 49 18.9088
100 133 22.8097
133 100 22.8097
63 19 23.4317
19 63 23.4317
69 10 27.2145
10 69 27.2145
38 12 10.805
12 38 10.805
21 86 73.2548
86 21 73.2548
104 37 67.1096
37 104 67.1096
39 71 79.3943
71 39 79.3943
86 116 27.2383
116 86 27.2383
84 80 11.5875
80 84 11.5875
107 113 33.9026
113 107 33.9026
90 92 98.7161
92 90 98.7161
79 3 37.6456
3 79 37.6456
123 110 26.7652
110 123 26.7652
39 78 34.1962
78 39 34.1962
106 139 97.7602
139 106 97.7602
25 132 75.4141
132 25 75.4141
58 135 23.0061
135 58 23.0061
20 128 36.3164
128 20 36.3164
4 56 51.5524
56 4 51.5524
55 16 16.0839
16 55 16.0839
57 139 68.9816
139 57 68.9816
113 48 48.0172
48 113 48.0172
69 53 42.6773
53 69 42.6773
40 52 43.7839
52 40 43.7839
22 116 36.9514
116 22 36.9514
109 107 11.5051
107 109 11.5051
133 46 58.2161
46 133 58.2161
70 78 39.9293
78 70 39.9293
88 78 17.5732
78 88 17.5732
130 5 15.9085
5 130 15.9085
32 123 35.0153
123 32 35.0153
73 113 81.2697
113 73 81.2697
127 0 31.391
0 127 31.391
52 26 13.4582
26 52 13.4582
132 94 14.5191
94 132 14.5191
135 50 59.4135
50 135 59.4135
47 58 20.5043
58 47 20.5043
137 116 26.0807
116 137 26.0807
40 47 90.8917
47 40 90.8917
103 76 60.2049
76 103 60.2049
112 23 97.0239
23 112 97.0239
24 107 61.9903
107 24 61.9903
96 15 67.1626
15 96 67.1626
125 139 48.1071
139 125 48.1071
43 102 29.5189
102 43 29.5189
96 126 85.1055
126 96 85.1055
12 36 75.8257
36 12 75.8257
53 64 96.013
64 53 96.013
48 131 22.4328
131 48 22.4328
52 128 23.8277
128 52 23.8277
20 73 29.1264
73 20 29.1264
66 110 35.1669
110 66 35.1669
106 101 64.4428
101 106 64.4428
127 126 49.9505
126 127 49.9505
104 139 59.7037
139 104 59.7037
118 8 21.7042
8 118 21.7042
109 129 80.8498
129 109 80.8498
19 51 46.4267
51 19 46.4267
70 0 25.1735
0 70 25.1735
105 17 99.5298
17 105 99.5298
125 136 64.0483
136 125 64.0483
26 131 16.392
131 26 16.392
76 19 73.2053
19 76 73.2053
134 92 24.8883
92 134 24.8883
76 112 83.4403
112 76 83.4403
137 38 42.9663
38 137 42.9663
24 124 26.9992
124 24 26.9992
1 56 35.5585
56 1 35.5585
37 77 59.4641
77 37 59.4641
110 70 66.4358
70 110 66.4358
73 49 52.6349
49 73 52.6349
120 110 66.4528
110 120 66.4528
96 39 67.1811
39 96 67.1811
81 78 57.1546
78 81 57.1546
65 70 81.2668
70 65 81.2668
134 133 99.1047
133 134 99.1047
85 76 15.0311
76 85 15.0311
131 125 44.0686
125 131 44.0686
34 115 23.1746
115 34 23.1746
63 4 51.3762
4 63 51.3762
6 132 68.845
132 6 68.845
81 133 72.6444
133 81 72.6444
134 57 36.248
57 134 36.248
5 80 72.7876
80 5 72.7876
124 116 76.3135
116 124 76.3135
141 28 79.7435
28 141 79.7435
5 125 50.7377
125 5 50.7377
35 122 39.6368
122 35 39.6368
136 53 29.3543
53 136 29.3543
72 76 11.1151
76 72 11.1151
29 80 87.6882
80 29 87.6882
126 106 17.2904
106 126 17.2904
106 100 44.2815
100 106 44.2815
135 104 91.6163
104 135 91.6163
104 15 86.4414
15 104 86.4414
86 70 80.0116
70 86 80.0116
57 109 30.6703
109 57 30.6703
114 10 95.035
10 114 95.035
86 30 45.2415
30 86 45.2415
25 26 66.1545
26 25 66.1545
96 11 66.467
11 96 66.467
0 11 77.3755
11 0 77.3755
135 103 98.8592
103 135 98.8592
9 99 14.7479
99 9 14.7479
69 100 18.656
100 69 18.656
86 38 48.6136
38 86 48.6136
51 74 23.74
74 51 23.74
28 116 82.0785
116 28 82.0785
7 58 83.7852
58 7 83.7852
23 81 93.1717
81 23 93.1717
83 7 97.5369
7 83 97.5369
133 1 91.5988
1 133 91.5988
23 83 89.142
83 23 89.142
7 76 75.3107
76 7 75.3107
77 114 74.5356
114 77 74.5356
71 4 40.457
4 71 40.457
79 7 77.6138
7 79 77.6138
116 0 30.514
0 116 30.514
62 66 59.0363
66 62 59.0363
59 118 62.1539
118 59 62.1539
106 79 36.1645
79 106 36.1645
29 135 78.2475
135 29 78.2475
20 24 41.1919
24 20 41.1919
11 44 75.4415
44 11 75.4415
74 50 47.5769
50 74 47.5769
113 59 71.2175
59 113 71.2175
38 8 72.8155
8 38 72.8155
135 119 62.3881
119 135 62.3881
27 18 75.871
18 27 75.871
51 69 78.4151
69 51 78.4151
7 0 13.6412
0 7 13.6412
67 72 79.079
72 67 79.079
19 21 67.7953
21 19 67.7953
116 54 66.7764
54 116 66.7764
66 134 14.8905
134 66 14.8905
70 99 33.1673
99 70 33.1673
41 124 29.2516
124 41 29.2516
38 26 35.6343
26 38 35.6343
9 103 43.2947
103 9 43.2947
35 98 70.2856
98 35 70.2856
17 53 50.8136
53 17 50.8136
94 46 94.1317
46 94 94.1317
15 126 29.7484
126 15 29.7484
80 10 84.6433
10 80 84.6433
103 86 36.743
86 103 36.743
14 110 87.3805
110 14 87.3805
131 28 95.6235
28 131 95.6235
49 10 41.199
10 49 41.199
98 15 24.2097
15 98 24.2097
124 138 90.3953
138 124 90.3953
72 134 33.2471
134 72 33.2471
124 64 21.8817
64 124 21.8817
33 107 91.9834
107 33 91.9834
95 61 57.9952
61 95 57.9952
83 73 41.3713
73 83 41.3713
4 128 33.7076
128 4 33.7076
41 117 33.5414
117 41 33.5414
119 13 92.7262
13 119 92.7262
92 65 80.4075
65 92 80.4075
108 59 65.5059
59 108 65.5059
122 61 96.5357
61 122 96.5357
65 56 86.612
56 65 86.612
84 41 62.6801
41 84 62.6801
108 94 58.6798
94 108 58.6798
113 136 72.4622
136 113 72.4622
3 136 29.6289
136 3 29.6289
72 66 72.4116
66 72 72.4116
61 130 12.9361
130 61 12.9361
19 2 45.5364
2 19 45.5364
77 52 66.7624
52 77 66.7624
136 73 36.318
73 136 36.318
100 13 97.655
13 100 97.655
22 115 76.0117
115 22 76.0117
120 55 64.9682
55 120 64.9682
116 65 61.5254
65 116 61.5254
83 114 22.4229
114 83 22.4229
119 98 79.445
98 119 79.445
98 43 70.7883
43 98 70.7883
124 141 14.4405
141 124 14.4405
99 106 62.0189
106 99 62.0189
136 88 91.7164
88 136 91.7164
126 102 35.3834
102 126 35.3834
21 20 72.5038
20 21 72.5038
11 40 54.8372
40 11 54.8372
120 136 55.4688
136 120 55.4688
14 77 83.1763
77 14 83.1763
85 51 88.3682
51 85 88.3682
138 112 33.6157
112 138 33.6157
33 126 98.1358
126 33 98.1358
66 78 33.4909
78 66 33.4909
112 82 40.5238
82 112 40.5238
98 32 44.4622
32 98 44.4622
100 97 98.4769
97 100 98.4769
105 51 50.1648
51 105 50.1648
80 113 79.8261
113 80 79.8261
94 123 41.1757
123 94 41.1757
84 19 70.1032
19 84 70.1032
101 84 42.6086
84 101 42.6086
138 59 99.8146
59 138 99.8146
80 50 27.1815
50 80 27.1815
39 56 77.7854
56 39 77.7854
8 47 45.7006
47 8 45.7006
19 89 40.3446
89 19 40.3446
94 99 67.4011
99 94 67.4011
0 132 59.6109
132 0 59.6109
39 126 45.5033
126 39 45.5033
114 3 88.6853
3 114 88.6853
70 116 92.4629
116 70 92.4629
94 2 51.7697
2 94 51.7697
45 40 38.148
40 45 38.148
75 34 35.3691
34 75 35.3691
131 79 81.2346
79 131 81.2346
116 3 39.065
3 116 39.065
47 62 54.6059
62 47 54.6059
29 90 56.4345
90 29 56.4345
117 22 61.2045
22 117 61.2045
40 102 43.3944
102 40 43.3944
136 1 73.8517
1 136 73.8517
2 108 87.2824
108 2 87.2824
130 126 88.8465
126 130 88.8465
1 38 46.1401
38 1 46.1401
39 65 67.1847
65 39 67.1847
18 119 85.8605
119 18 85.8605
105 46 17.2779
46 105 17.2779
72 23 88.5145
23 72 88.5145
128 17 64.9324
17 128 64.9324
38 41 62.8351
41 38 62.8351
46 69 96.9032
69 46 96.9032
1 97 70.6458
97 1 70.6458
139 45 92.7764
45 139 92.7764
85 17 10.3545
17 85 10.3545
0 62 19.7434
62 0 19.7434
5 70 46.3088
70 5 46.3088
0 102 71.2069
102 0 71.2069
68 30 89.0605
30 68 89.0605
136 85 84.695
85 136 84.695
45 113 64.3361
113 45 64.3361
19 38 79.9769
38 19 79.9769
103 79 17.2992
79 103 17.2992
16 82 68.8689
82 16 68.8689
65 139 37.5035
139 65 37.5035
31 60 17.1212
60 31 17.1212
60 26 17.7324
26 60 17.7324
63 125 71.336
125 63 71.336
121 98 30.7882
98 121 30.7882
41 59 52.9439
59 41 52.9439
49 118 97.0641
118 49 97.0641
32 85 49.0876
85 32 49.0876
48 35 94.4173
35 48 94.4173
43 97 34.9333
97 43 34.9333
86 50 91.6719
50 86 91.6719
102 128 64.1274
128 102 64.1274
57 39 50.0941
39 57 50.0941
9 21 33.7606
21 9 33.7606
11 80 40.8671
80 11 40.8671
109 42 15.7687
42 109 15.7687
0 124 32.8011
124 0 32.8011
50 112 46.4568
112 50 46.4568
115 9 70.3463
9 115 70.3463
68 54 93.3248
54 68 93.3248
141 110 80.5372
110 141 80.5372
114 26 43.2914
26 114 43.2914
94 5 68.5575
5 94 68.5575
66 59 53.0991
59 66 53.0991
31 35 90.354
35 31 90.354
48 135 82.4391
135 48 82.4391
31 96 70.8381
96 31 70.8381
24 94 13.5218
94 24 13.5218
70 74 70.9183
74 70 70.9183
51 68 48.4979
68 51 48.4979
54 129 16.5435
129 54 16.5435
118 83 46.4348
83 118 46.4348
80 126 22.5178
126 80 22.5178
123 51 63.5187
51 123 63.5187
62 112 16.1904
112 62 16.1904
137 101 30.0819
101 137 30.0819
95 91 55.2337
91 95 55.2337
119 4 73.7922
4 119 73.7922
46 39 81.5933
39 46 81.5933
103 41 65.857
41 103 65.857
24 100 32.2136
100 24 32.2136
11 23 49.8605
23 11 49.8605
123 73 75.0273
73 123 75.0273
126 52 95.0712
52 126 95.0712
4 37 63.7131
37 4 63.7131
137 59 36.9878
59 137 36.9878
7 90 71.6708
90 7 71.6708
109 53 45.4538
53 109 45.4538
136 36 96.2244
36 136 96.2244
119 114 22.7052
114 119 22.7052
98 80 71.7197
80 98 71.7197
76 119 27.6358
119 76 27.6358
79 56 93.4939
56 79 93.4939
3 43 16.7836
43 3 16.7836
104 119 18.0336
119 104 18.0336
57 41 75.9698
41 57 75.9698
67 46 30.1205
46 67 30.1205
134 4 67.9945
4 134 67.9945
112 16 52.3394
16 112 52.3394
62 56 30.5748
56 62 30.5748
99 121 36.0348
121 99 36.0348
122 9 90.7387
9 122 90.7387
47 91 14.4932
91 47 14.4932
38 0 93.4364
0 38 93.4364
122 19 43.879
19 122 43.879
89 119 60.5932
119 89 60.5932
121 126 27.6778
126 121 27.6778
103 113 49.1158
113 103 49.1158
139 102 86.6587
102 139 86.6587
48 106 84.5105
106 48 84.5105
87 9 59.4876
9 87 59.4876
70 91 14.8243
91 70 14.8243
133 55 85.7302
55 133 85.7302
136 114 35.7935
114 136 35.7935
106 84 61.512
84 106 61.512
120 19 94.4987
19 120 94.4987
58 76 42.109
76 58 42.109
71 9 84.5619
9 71 84.5619
26 115 14.6998
115 26 14.6998
83 55 32.8039
55 83 32.8039
50 85 12.4576
85 50 12.4576
108 96 62.0697
96 108 62.0697
99 91 94.8838
91 99 94.8838
57 33 66.4434
33 57 66.4434
28 135 72.7501
135 28 72.7501
116 21 56.2679
21 116 56.2679
122 111 30.5775
111 122 30.5775
111 67 34.9118
67 111 34.9118
85 101 63.5828
101 85 63.5828
36 132 53.6658
132 36 53.6658
98 37 97.8224
37 98 97.8224
42 116 77.4933
116 42 77.4933
66 91 37.8758
91 66 37.8758
141 3 32.2061
3 141 32.2061
19 15 56.7717
15 19 56.7717
50 47 65.7738
47 50 65.7738
8 100 71.1545
100 8 71.1545
33 108 90.3713
108 33 90.3713
60 43 37.155
43 60 37.155
24 82 94.1321
82 24 94.1321
118 104 64.1718
104 118 64.1718
65 20 97.7
20 65 97.7
117 137 87.9684
137 117 87.9684
94 68 10.8379
68 94 10.8379
39 129 98.3066
129 39 98.3066
50 140 85.1353
140 50 85.1353
34 81 66.4618
81 34 66.4618
69 110 24.4032
110 69 24.4032
42 139 41.8762
139 42 41.8762
75 56 21.0574
56 75 21.0574
110 77 43.6727
77 110 43.6727
30 80 26.5025
80 30 26.5025
21 117 52.2251
117 21 52.2251
67 112 98.8483
112 67 98.8483
95 62 77.4823
62 95 77.4823
1 59 51.9482
59 1 51.9482
39 121 69.9459
121 39 69.9459
120 73 13.8955
73 120 13.8955
119 133 34.5646
133 119 34.5646
140 10 95.3691
10 140 95.3691
120 126 37.4557
126 120 37.4557
89 78 24.7267
78 89 24.7267
111 78 51.5354
78 111 51.5354
51 63 14.1489
63 51 14.1489
76 126 80.1192
126 76 80.1192
129 50 44.6194
50 129 44.6194
65 114 43.3302
114 65 43.3302
94 55 11.9876
55 94 11.9876
46 75 60.7493
75 46 60.7493
62 49 71.8188
49 62 71.8188
60 118 94.7303
118 60 94.7303
75 96 18.5592
96 75 18.5592
105 11 48.2594
11 105 48.2594
128 41 99.9011
41 128 99.9011
20 57 87.269
57 20 87.269
35 33 44.8958
33 35 44.8958
115 120 32.7382
120 115 32.7382
53 128 91.3438
128 53 91.3438
94 117 97.1034
117 94 97.1034
60 102 61.4493
102 60 61.4493
80 119 88.7822
119 80 88.7822
126 53 12.075
53 126 12.075
119 90 42.7054
90 119 42.7054
55 111 12.7835
111 55 12.7835
35 22 62.2314
22 35 62.2314
52 103 48.036
103 52 48.036
78 49 21.6756
49 78 21.6756
70 52 66.6091
52 70 66.6091
58 42 30.9818
42 58 30.9818
44 64 18.6123
64 44 18.6123
125 12 30.3888
12 125 30.3888
44 85 72.5251
85 44 72.5251
81 120 57.7246
120 81 57.7246
16 25 78.0114
25 16 78.0114
83 111 12.5006
111 83 12.5006
65 104 76.8123
104 65 76.8123
77 40 15.7869
40 77 15.7869
60 49 11.5493
49 60 11.5493
96 27 60.603
27 96 60.603
78 54 35.4882
54 78 35.4882
100 67 73.5573
67 100 73.5573
104 74 22.2864
74 104 22.2864
54 74 87.2964
74 54 87.2964
89 84 80.2027
84 89 80.2027
83 78 63.2709
78 83 63.2709
13 101 26.4586
101 13 26.4586
134 93 13.6711
93 134 13.6711
41 65 95.3052
65 41 95.3052
91 36 84.5304
36 91 84.5304
123 78 12.3549
78 123 12.3549
40 141 45.5391
141 40 45.5391
140 112 28.0648
112 140 28.0648
76 78 13.4305
78 76 13.4305
31 56 50.7417
56 31 50.7417
58 52 39.0705
52 58 39.0705
29 139 75.4571
139 29 75.4571
111 49 46.2714
49 111 46.2714
75 107 64.9142
107 75 64.9142
105 129 39.1713
129 105 39.1713
3 56 91.5451
56 3 91.5451
96 115 93.5067
115 96 93.5067
60 27 42.1885
27 60 42.1885
27 141 25.5809
141 27 25.5809
134 122 92.4822
122 134 92.4822
91 12 20.0417
12 91 20.0417
104 108 40.8982
108 104 40.8982
59 132 63.9524
132 59 63.9524
56 106 42.7768
106 56 42.7768
20 126 51.7152
126 20 51.7152
5 7 54.5833
7 5 54.5833
94 81 58.2903
81 94 58.2903
92 6 50.267
6 92 50.267
73 139 11.2962
139 73 11.2962
42 55 71.1417
55 42 71.1417
133 110 48.1905
110 133 48.1905
23 46 46.0185
46 23 46.0185
12 98 35.1443
98 12 35.1443
125 19 91.9596
19 125 91.9596
132 54 35.7724
54 132 35.7724
83 66 18.6517
66 83 18.6517
79 82 57.3214
82 79 57.3214
20 10 23.4557
10 20 23.4557
106 66 73.381
66 106 73.381
62 129 14.6695
129 62 14.6695
22 1 92.8973
1 22 92.8973
93 97 86.7909
97 93 86.7909
20 130 85.4415
130 20 85.4415
14 84 44.8995
84 14 44.8995
78 52 47.8745
52 78 47.8745
121 73 97.6377
73 121 97.6377
26 41 39.2235
41 26 39.2235
82 21 96.5734
21 82 96.5734
122 72 29.6379
72 122 29.6379
51 140 73.6154
140 51 73.6154
134 115 43.6539
115 134 43.6539
26 124 74.2791
124 26 74.2791
55 128 37.088
128 55 37.088
34 105 39.8871
105 34 39.8871
69 34 99.7922
34 69 99.7922
25 89 70.8523
89 25 70.8523
15 30 73.4916
30 15 73.4916
133 65 14.6511
65 133 14.6511
18 4 92.7388
4 18 92.7388
47 103 53.8208
103 47 53.8208
