409 6592 396 67
1 0 96.0192
0 1 96.0192
2 1 68.2103
1 2 68.2103
3 1 99.9703
1 3 99.9703
4 0 42.9171
0 4 42.9171
5 2 85.1841
2 5 85.1841
6 2 19.1909
2 6 19.1909
7 5 75.7659
5 7 75.7659
8 7 11.0307
7 8 11.0307
9 7 43.2252
7 9 43.2252
10 9 61.1327
9 10 61.1327
11 1 96.0319
1 11 96.0319
12 2 54.9918
2 12 54.9918
13 12 80.6275
12 13 80.6275
14 8 84.1408
8 14 84.1408
15 13 23.6852
13 15 23.6852
16 13 86.2054
13 16 86.2054
17 11 85.5685
11 17 85.5685
18 9 84.1996
9 18 84.1996
19 10 46.9278
10 19 46.9278
20 4 39.7565
4 20 39.7565
21 5 10.0665
5 21 10.0665
22 6 60.7243
6 22 60.7243
23 8 55.574
8 23 55.574
24 0 47.8522
0 24 47.8522
25 4 72.624
4 25 72.624
26 10 89.6236
10 26 89.6236
27 12 60.6629
12 27 60.6629
28 6 51.2594
6 28 51.2594
29 24 79.141
24 29 79.141
30 25 90.8291
25 30 90.8291
31 21 88.3179
21 31 88.3179
32 3 50.253
3 32 50.253
33 17 62.0529
17 33 62.0529
34 31 89.3847
31 34 89.3847
35 17 69.8617
17 35 69.8617
36 5 35.3974
5 36 35.3974
37 32 97.091
32 37 97.091
38 1 88.0953
1 38 88.0953
39 7 53.9074
7 39 53.9074
40 38 19.3043
38 40 19.3043
41 34 70.4919
34 41 70.4919
42 1 99.9717
1 42 99.9717
43 2 96.0658
2 43 96.0658
44 11 46.907
11 44 46.907
45 35 99.0109
35 45 99.0109
46 22 27.5224
22 46 27.5224
47 10 56.325
10 47 56.325
48 45 92.2553
45 48 92.2553
49 8 97.7864
8 49 97.7864
50 0 24.9819
0 50 24.9819
51 34 51.884
34 51 51.884
52 22 25.1855
22 52 25.1855
53 10 68.2282
10 53 68.2282
54 15 73.6483
15 54 73.6483
55 43 21.1174
43 55 21.1174
56 17 70.3689
17 56 70.3689
57 54 61.4705
54 57 61.4705
58 17 29.9606
17 58 29.9606
59 30 11.7445
30 59 11.7445
60 59 97.8409
59 60 97.8409
61 39 23.5195
39 61 23.5195
62 42 97.9611
42 62 97.9611
63 4 30.2602
4 63 30.2602
64 29 65.846
29 64 65.846
65 13 43.7551
13 65 43.7551
66 40 42.5262
40 66 42.5262
67 34 80.5249
34 67 80.5249
68 2 33.757
2 68 33.757
69 24 48.2003
24 69 48.2003
70 28 79.2242
28 70 79.2242
71 22 62.0561
22 71 62.0561
72 18 96.1983
18 72 96.1983
73 22 15.5333
22 73 15.5333
74 33 31.6668
33 74 31.6668
75 4 70.8146
4 75 70.8146
76 72 49.3869
72 76 49.3869
77 35 86.0926
35 77 86.0926
78 59 57.3673
59 78 57.3673
79 34 20.0564
34 79 20.0564
80 68 41.3152
68 80 41.3152
81 47 49.3447
47 81 49.3447
82 69 44.1058
69 82 44.1058
83 42 77.4795
42 83 77.4795
84 35 58.4702
35 84 58.4702
85 39 76.0921
39 85 76.0921
86 58 11.4935
58 86 11.4935
87 72 68.616
72 87 68.616
88 31 63.9262
31 88 63.9262
89 68 63.5895
68 89 63.5895
90 62 18.9004
62 90 18.9004
91 10 56.5249
10 91 56.5249
92 54 45.6147
54 92 45.6147
93 0 97.1673
0 93 97.1673
94 59 22.5496
59 94 22.5496
95 46 53.7774
46 95 53.7774
96 66 22.5885
66 96 22.5885
97 27 10.9123
27 97 10.9123
98 48 10.6004
48 98 10.6004
99 53 71.7377
53 99 71.7377
100 80 62.1957
80 100 62.1957
101 69 55.7992
69 101 55.7992
102 2 99.4398
2 102 99.4398
103 19 58.8084
19 103 58.8084
104 37 53.2895
37 104 53.2895
105 19 72.8842
19 105 72.8842
106 59 76.0984
59 106 76.0984
107 39 12.2846
39 107 12.2846
108 52 74.1889
52 108 74.1889
109 93 96.4773
93 109 96.4773
110 42 73.8732
42 110 73.8732
111 34 80.2804
34 111 80.2804
112 9 76.7864
9 112 76.7864
113 47 22.9878
47 113 22.9878
114 96 39.0307
96 114 39.0307
115 29 22.195
29 115 22.195
116 16 48.7677
16 116 48.7677
117 39 47.8339
39 117 47.8339
118 87 51.3378
87 118 51.3378
119 3 56.2393
3 119 56.2393
120 81 27.9145
81 120 27.9145
121 71 19.1619
71 121 19.1619
122 72 44.1354
72 122 44.1354
123 78 68.0455
78 123 68.0455
124 121 62.3561
121 124 62.3561
125 15 77.8746
15 125 77.8746
126 69 84.7533
69 126 84.7533
127 126 64.5501
126 127 64.5501
128 71 71.3826
71 128 71.3826
129 116 66.6025
116 129 66.6025
130 67 45.0626
67 130 45.0626
131 70 69.8211
70 131 69.8211
132 21 31.3459
21 132 31.3459
133 17 82.4828
17 133 82.4828
134 22 87.8481
22 134 87.8481
135 56 53.8842
56 135 53.8842
136 87 24.5443
87 136 24.5443
137 71 29.0526
71 137 29.0526
138 104 63.8436
104 138 63.8436
139 84 69.1747
84 139 69.1747
140 70 71.0104
70 140 71.0104
141 48 18.6617
48 141 18.6617
142 34 70.9732
34 142 70.9732
143 41 62.9441
41 143 62.9441
144 66 36.0752
66 144 36.0752
145 109 40.1417
109 145 40.1417
146 88 75.06
88 146 75.06
147 1 81.2986
1 147 81.2986
148 108 90.8189
108 148 90.8189
149 86 86.8748
86 149 86.8748
150 141 14.3388
141 150 14.3388
151 120 35.7002
120 151 35.7002
152 38 38.6184
38 152 38.6184
153 53 76.2523
53 153 76.2523
154 78 94.3447
78 154 94.3447
155 7 61.0862
7 155 61.0862
156 112 94.6264
112 156 94.6264
157 142 54.7913
142 157 54.7913
158 47 44.5522
47 158 44.5522
159 109 42.7879
109 159 42.7879
160 127 74.6402
127 160 74.6402
161 15 93.8849
15 161 93.8849
162 122 17.9288
122 162 17.9288
163 25 18.2456
25 163 18.2456
164 113 72.0204
113 164 72.0204
165 164 62.9213
164 165 62.9213
166 3 53.352
3 166 53.352
167 62 40.4114
62 167 40.4114
168 26 58.261
26 168 58.261
169 130 19.6068
130 169 19.6068
170 30 53.5408
30 170 53.5408
171 54 62.027
54 171 62.027
172 90 91.46
90 172 91.46
173 49 32.2169
49 173 32.2169
174 34 82.1489
34 174 82.1489
175 145 53.4151
145 175 53.4151
176 44 96.7495
44 176 96.7495
177 166 23.1871
166 177 23.1871
178 49 85.0257
49 178 85.0257
179 103 50.0836
103 179 50.0836
180 111 76.6727
111 180 76.6727
181 150 46.8433
150 181 46.8433
182 98 92.755
98 182 92.755
183 114 42.0814
114 183 42.0814
184 72 61.5725
72 184 61.5725
185 38 60.7102
38 185 60.7102
186 108 91.6674
108 186 91.6674
187 20 41.3898
20 187 41.3898
188 89 92.5116
89 188 92.5116
189 127 33.3856
127 189 33.3856
190 57 16.8201
57 190 16.8201
191 190 94.7548
190 191 94.7548
192 120 18.282
120 192 18.282
193 79 91.6638
79 193 91.6638
194 161 92.5204
161 194 92.5204
195 77 78.6017
77 195 78.6017
196 164 95.1446
164 196 95.1446
197 184 20.1797
184 197 20.1797
198 7 49.2279
7 198 49.2279
199 128 13.309
128 199 13.309
200 6 27.1684
6 200 27.1684
201 174 32.6791
174 201 32.6791
202 22 56.5145
22 202 56.5145
203 107 65.848
107 203 65.848
204 156 59.8925
156 204 59.8925
205 193 93.1433
193 205 93.1433
206 134 34.1555
134 206 34.1555
207 156 78.6604
156 207 78.6604
208 111 75.5152
111 208 75.5152
209 174 67.1102
174 209 67.1102
210 187 52.1422
187 210 52.1422
211 85 73.3982
85 211 73.3982
212 156 26.1306
156 212 26.1306
213 79 19.3364
79 213 19.3364
214 107 92.517
107 214 92.517
215 94 20.7808
94 215 20.7808
216 31 70.1788
31 216 70.1788
217 38 21.9635
38 217 21.9635
218 206 41.067
206 218 41.067
219 190 96.8624
190 219 96.8624
220 154 12.2435
154 220 12.2435
221 100 96.5533
100 221 96.5533
222 166 92.8175
166 222 92.8175
223 189 32.1507
189 223 32.1507
224 157 19.6558
157 224 19.6558
225 222 44.5267
222 225 44.5267
226 90 91.8458
90 226 91.8458
227 205 54.5023
205 227 54.5023
228 140 63.7371
140 228 63.7371
229 202 25.1135
202 229 25.1135
230 7 10.5215
7 230 10.5215
231 128 84.8038
128 231 84.8038
232 101 31.7741
101 232 31.7741
233 13 71.4416
13 233 71.4416
234 1 52.2043
1 234 52.2043
235 101 86.2196
101 235 86.2196
236 197 32.0723
197 236 32.0723
237 203 36.3935
203 237 36.3935
238 190 34.3537
190 238 34.3537
239 236 56.7361
236 239 56.7361
240 90 56.4563
90 240 56.4563
241 54 32.3805
54 241 32.3805
242 139 25.6085
139 242 25.6085
243 169 11.9753
169 243 11.9753
244 227 93.1633
227 244 93.1633
245 118 99.8048
118 245 99.8048
246 106 80.0045
106 246 80.0045
247 166 73.1239
166 247 73.1239
248 145 47.2247
145 248 47.2247
249 126 41.8366
126 249 41.8366
250 173 61.961
173 250 61.961
251 186 21.0736
186 251 21.0736
252 95 64.5357
95 252 64.5357
253 117 61.7655
117 253 61.7655
254 184 23.7934
184 254 23.7934
255 176 19.4754
176 255 19.4754
256 253 28.5516
253 256 28.5516
257 104 23.6507
104 257 23.6507
258 119 85.0986
119 258 85.0986
259 108 65.9025
108 259 65.9025
260 147 12.1412
147 260 12.1412
261 71 57.395
71 261 57.395
262 97 95.8806
97 262 95.8806
263 243 29.0412
243 263 29.0412
264 43 37.8785
43 264 37.8785
265 244 31.8942
244 265 31.8942
266 70 34.3274
70 266 34.3274
267 184 81.6777
184 267 81.6777
268 35 32.9279
35 268 32.9279
269 226 84.6424
226 269 84.6424
270 113 91.6545
113 270 91.6545
271 233 24.668
233 271 24.668
272 55 51.5276
55 272 51.5276
273 216 64.4657
216 273 64.4657
274 29 43.6058
29 274 43.6058
275 202 15.202
202 275 15.202
276 35 29.2579
35 276 29.2579
277 135 46.1663
135 277 46.1663
278 177 24.1022
177 278 24.1022
279 58 99.0363
58 279 99.0363
280 52 44.3531
52 280 44.3531
281 120 67.2517
120 281 67.2517
282 113 41.625
113 282 41.625
283 167 90.5168
167 283 90.5168
284 180 41.7651
180 284 41.7651
285 126 25.9861
126 285 25.9861
286 184 71.5427
184 286 71.5427
287 166 18.091
166 287 18.091
288 40 65.777
40 288 65.777
289 87 50.892
87 289 50.892
290 263 33.1594
263 290 33.1594
291 226 57.5359
226 291 57.5359
292 280 30.5662
280 292 30.5662
293 165 23.4437
165 293 23.4437
294 219 67.4771
219 294 67.4771
295 228 97.7974
228 295 97.7974
296 11 63.062
11 296 63.062
297 26 44.0041
26 297 44.0041
298 58 26.6346
58 298 26.6346
299 188 64.7466
188 299 64.7466
300 220 45.2839
220 300 45.2839
301 246 78.8822
246 301 78.8822
302 1 81.8931
1 302 81.8931
303 302 60.4459
302 303 60.4459
304 10 19.6101
10 304 19.6101
305 35 61.7559
35 305 61.7559
306 171 87.5048
171 306 87.5048
307 270 38.4451
270 307 38.4451
308 7 36.7076
7 308 36.7076
309 92 22.7844
92 309 22.7844
310 160 24.0169
160 310 24.0169
311 202 96.8024
202 311 96.8024
312 187 10.9936
187 312 10.9936
313 68 80.2412
68 313 80.2412
314 109 10.3112
109 314 10.3112
315 152 54.7154
152 315 54.7154
316 48 52.6175
48 316 52.6175
317 145 14.9096
145 317 14.9096
318 45 67.0059
45 318 67.0059
319 250 94.9383
250 319 94.9383
320 254 29.9658
254 320 29.9658
321 5 29.9445
5 321 29.9445
322 149 45.0989
149 322 45.0989
323 176 55.2204
176 323 55.2204
324 277 11.3961
277 324 11.3961
325 228 50.0411
228 325 50.0411
326 18 89.4842
18 326 89.4842
327 49 68.3691
49 327 68.3691
328 245 21.2377
245 328 21.2377
329 312 28.728
312 329 28.728
330 72 55.7562
72 330 55.7562
331 299 47.3499
299 331 47.3499
332 142 72.6693
142 332 72.6693
333 153 92.5026
153 333 92.5026
334 146 22.8746
146 334 22.8746
335 82 43.4434
82 335 43.4434
336 238 65.5435
238 336 65.5435
337 180 42.8523
180 337 42.8523
338 47 70.2028
47 338 70.2028
339 198 69.946
198 339 69.946
340 224 22.0054
224 340 22.0054
341 56 47.306
56 341 47.306
342 15 28.4146
15 342 28.4146
343 30 68.7242
30 343 68.7242
344 29 64.0428
29 344 64.0428
345 185 60.0275
185 345 60.0275
346 111 37.9699
111 346 37.9699
347 109 22.9989
109 347 22.9989
348 37 57.2528
37 348 57.2528
349 81 30.1269
81 349 30.1269
350 312 78.7404
312 350 78.7404
351 334 84.4291
334 351 84.4291
352 271 68.7307
271 352 68.7307
353 305 26.1244
305 353 26.1244
354 165 82.0479
165 354 82.0479
355 338 59.34
338 355 59.34
356 47 22.5717
47 356 22.5717
357 287 21.9134
287 357 21.9134
358 31 60.4996
31 358 60.4996
359 7 90.9637
7 359 90.9637
360 352 63.3695
352 360 63.3695
361 249 55.2155
249 361 55.2155
362 141 50.8646
141 362 50.8646
363 110 77.5995
110 363 77.5995
364 297 54.2102
297 364 54.2102
365 301 72.5711
301 365 72.5711
366 92 19.0429
92 366 19.0429
367 127 40.1106
127 367 40.1106
368 328 37.2949
328 368 37.2949
369 294 55.1833
294 369 55.1833
370 78 80.5514
78 370 80.5514
371 4 12.1093
4 371 12.1093
372 195 82.6774
195 372 82.6774
373 102 36.1808
102 373 36.1808
374 352 21.7805
352 374 21.7805
375 98 73.8954
98 375 73.8954
376 120 38.1847
120 376 38.1847
377 264 50.1458
264 377 50.1458
378 3 18.1335
3 378 18.1335
379 364 85.2708
364 379 85.2708
380 277 30.6482
277 380 30.6482
381 274 60.7381
274 381 60.7381
382 194 93.1725
194 382 93.1725
383 192 14.0266
192 383 14.0266
384 271 16.165
271 384 16.165
385 164 59.3682
164 385 59.3682
386 104 68.4106
104 386 68.4106
387 162 72.6301
162 387 72.6301
388 44 24.613
44 388 24.613
389 316 42.7583
316 389 42.7583
390 111 85.8808
111 390 85.8808
391 160 19.3185
160 391 19.3185
392 61 78.493
61 392 78.493
393 300 92.3186
300 393 92.3186
394 140 45.5248
140 394 45.5248
395 369 19.9001
369 395 19.9001
396 389 37.1768
389 396 37.1768
397 30 95.6954
30 397 95.6954
398 181 38.0256
181 398 38.0256
399 301 55.3947
301 399 55.3947
400 76 83.1045
76 400 83.1045
401 131 91.9539
131 401 91.9539
402 324 92.1321
324 402 92.1321
403 297 43.4739
297 403 43.4739
404 167 38.3914
167 404 38.3914
405 251 31.6275
251 405 31.6275
406 175 53.251
175 406 53.251
407 340 90.0095
340 407 90.0095
408 43 96.4905
43 408 96.4905
222 113 20.1772
113 222 20.1772
174 4 33.0686
4 174 33.0686
319 151 36.6481
151 319 36.6481
382 3 83.7606
3 382 83.7606
294 356 69.6148
356 294 69.6148
73 117 64.7126
117 73 64.7126
285 178 86.2894
178 285 86.2894
99 260 89.1654
260 99 89.1654
34 178 89.0979
178 34 89.0979
301 162 95.1086
162 301 95.1086
223 391 93.1446
391 223 93.1446
310 229 56.565
229 310 56.565
65 56 48.3658
56 65 48.3658
216 342 90.9479
342 216 90.9479
33 158 21.1611
158 33 21.1611
387 398 34.4283
398 387 34.4283
107 109 88.4382
109 107 88.4382
309 47 27.6513
47 309 27.6513
21 353 71.1152
353 21 71.1152
358 194 65.6764
194 358 65.6764
226 281 25.2097
281 226 25.2097
161 200 28.1145
200 161 28.1145
209 282 74.9345
282 209 74.9345
36 143 42.7773
143 36 42.7773
251 117 31.9201
117 251 31.9201
265 9 93.3592
9 265 93.3592
296 263 60.3634
263 296 60.3634
132 289 63.2863
289 132 63.2863
183 14 10.8661
14 183 10.8661
372 40 64.2112
40 372 64.2112
58 170 16.8075
170 58 16.8075
238 214 14.6664
214 238 14.6664
305 182 51.1931
182 305 51.1931
99 226 69.7206
226 99 69.7206
275 153 51.9291
153 275 51.9291
401 303 18.6201
303 401 18.6201
285 81 52.3165
81 285 52.3165
88 123 15.9856
123 88 15.9856
241 86 22.5566
86 241 22.5566
196 91 65.2968
91 196 65.2968
331 46 60.6656
46 331 60.6656
62 300 28.1947
300 62 28.1947
353 179 74.194
179 353 74.194
147 206 24.1252
206 147 24.1252
54 17 37.2942
17 54 37.2942
163 37 64.569
37 163 64.569
62 289 12.3117
289 62 12.3117
241 301 84.1267
301 241 84.1267
273 99 22.5503
99 273 22.5503
83 387 37.8211
387 83 37.8211
240 154 66.7057
154 240 66.7057
264 60 98.2186
60 264 98.2186
264 223 10.9252
223 264 10.9252
200 189 59.3703
189 200 59.3703
189 37 63.4889
37 189 63.4889
368 352 89.6495
352 368 89.6495
310 232 96.5342
232 310 96.5342
58 240 53.5362
240 58 53.5362
322 233 19.1395
233 322 19.1395
339 115 78.0605
115 339 78.0605
236 218 62.6487
218 236 62.6487
339 159 51.152
159 339 51.152
128 127 17.2712
127 128 17.2712
302 122 93.7846
122 302 93.7846
113 119 57.3895
119 113 57.3895
173 306 22.8516
306 173 22.8516
331 323 51.8807
323 331 51.8807
276 382 72.1405
382 276 72.1405
271 279 19.5803
279 271 19.5803
333 302 41.5
302 333 41.5
357 399 97.1025
399 357 97.1025
87 77 87.0729
77 87 87.0729
130 331 23.888
331 130 23.888
310 274 76.2282
274 310 76.2282
214 338 46.8726
338 214 46.8726
79 137 27.8387
137 79 27.8387
161 218 17.7803
218 161 17.7803
64 192 64.5259
192 64 64.5259
38 33 38.0305
33 38 38.0305
379 266 33.9915
266 379 33.9915
215 397 40.9886
397 215 40.9886
23 21 49.6981
21 23 49.6981
49 384 61.2513
384 49 61.2513
334 57 99.0985
57 334 99.0985
231 335 74.6192
335 231 74.6192
106 37 85.3515
37 106 85.3515
367 336 44.1343
336 367 44.1343
37 132 57.0074
132 37 57.0074
238 407 68.9088
407 238 68.9088
367 24 43.7824
24 367 43.7824
149 80 12.8845
80 149 12.8845
88 83 70.6744
83 88 70.6744
39 228 93.3309
228 39 93.3309
406 59 93.9337
59 406 93.9337
6 231 66.2328
231 6 66.2328
247 165 78.3798
165 247 78.3798
226 238 12.7236
238 226 12.7236
54 367 39.7317
367 54 39.7317
139 358 48.6432
358 139 48.6432
9 368 90.4709
368 9 90.4709
292 322 87.9317
322 292 87.9317
370 345 81.849
345 370 81.849
148 152 11.995
152 148 11.995
284 44 84.5274
44 284 84.5274
119 278 65.0074
278 119 65.0074
164 326 21.3412
326 164 21.3412
174 320 93.8665
320 174 93.8665
345 344 86.1857
344 345 86.1857
104 39 97.2757
39 104 97.2757
386 408 20.4003
408 386 20.4003
49 369 37.6525
369 49 37.6525
141 104 60.5164
104 141 60.5164
317 91 62.107
91 317 62.107
287 396 11.8314
396 287 11.8314
237 120 86.7892
120 237 86.7892
262 36 89.591
36 262 89.591
62 225 53.4355
225 62 53.4355
228 270 31.0268
270 228 31.0268
224 2 85.9885
2 224 85.9885
130 217 72.3617
217 130 72.3617
69 186 35.1676
186 69 35.1676
363 328 76.2741
328 363 76.2741
214 18 77.3091
18 214 77.3091
198 290 47.7015
290 198 47.7015
27 302 10.0676
302 27 10.0676
248 223 34.2292
223 248 34.2292
300 394 91.7901
394 300 91.7901
180 331 76.6343
331 180 76.6343
277 209 89.6374
209 277 89.6374
260 52 27.1726
52 260 27.1726
271 333 20.7181
333 271 20.7181
182 103 91.0294
103 182 91.0294
45 201 27.7787
201 45 27.7787
264 0 25.8375
0 264 25.8375
365 235 42.6385
235 365 42.6385
22 353 78.2597
353 22 78.2597
263 236 68.1369
236 263 68.1369
403 229 90.4906
229 403 90.4906
105 388 21.8142
388 105 21.8142
4 39 68.4134
39 4 68.4134
272 374 53.6517
374 272 53.6517
166 145 92.4661
145 166 92.4661
128 368 79.0291
368 128 79.0291
379 164 52.7395
164 379 52.7395
263 344 44.077
344 263 44.077
397 322 55.7251
322 397 55.7251
176 274 73.7187
274 176 73.7187
315 64 95.2304
64 315 95.2304
106 13 40.0982
13 106 40.0982
136 326 22.0268
326 136 22.0268
274 349 75.8997
349 274 75.8997
322 210 98.8994
210 322 98.8994
204 123 63.3958
123 204 63.3958
228 72 86.8817
72 228 86.8817
280 331 54.6922
331 280 54.6922
126 356 42.3712
356 126 42.3712
313 268 76.4672
268 313 76.4672
385 29 28.2437
29 385 28.2437
102 400 95.2616
400 102 95.2616
366 243 53.0329
243 366 53.0329
19 331 61.6799
331 19 61.6799
314 395 54.1187
395 314 54.1187
377 261 57.5062
261 377 57.5062
110 255 75.3184
255 110 75.3184
256 335 22.9032
335 256 22.9032
45 393 24.5391
393 45 24.5391
294 160 12.4297
160 294 12.4297
329 36 31.5081
36 329 31.5081
40 50 50.4213
50 40 50.4213
55 104 36.43
104 55 36.43
55 164 32.6005
164 55 32.6005
207 79 87.057
79 207 87.057
216 346 37.5681
346 216 37.5681
359 179 69.1039
179 359 69.1039
90 45 87.1129
45 90 87.1129
274 257 13.1325
257 274 13.1325
221 382 50.0985
382 221 50.0985
373 143 44.8391
143 373 44.8391
331 319 57.4819
319 331 57.4819
244 316 70.2485
316 244 70.2485
292 179 87.859
179 292 87.859
235 268 66.2759
268 235 66.2759
308 181 53.8849
181 308 53.8849
219 118 11.4541
118 219 11.4541
140 384 11.9113
384 140 11.9113
16 345 64.2211
345 16 64.2211
39 92 81.8108
92 39 81.8108
123 26 18.4717
26 123 18.4717
74 282 51.2748
282 74 51.2748
135 8 80.346
8 135 80.346
164 348 77.8781
348 164 77.8781
256 133 82.6145
133 256 82.6145
57 204 76.8708
204 57 76.8708
362 14 54.6996
14 362 54.6996
218 192 16.2002
192 218 16.2002
275 125 98.4449
125 275 98.4449
243 210 54.2645
210 243 54.2645
199 30 33.1008
30 199 33.1008
108 348 27.2677
348 108 27.2677
195 206 48.5936
206 195 48.5936
112 362 94.5617
362 112 94.5617
90 339 12.3265
339 90 12.3265
388 224 84.7052
224 388 84.7052
35 28 58.7835
28 35 58.7835
61 63 10.2198
63 61 10.2198
369 390 53.522
390 369 53.522
264 183 27.0431
183 264 27.0431
98 329 77.3122
329 98 77.3122
52 368 90.0664
368 52 90.0664
232 139 14.5029
139 232 14.5029
294 246 86.9096
246 294 86.9096
57 8 69.1633
8 57 69.1633
206 87 46.6905
87 206 46.6905
17 320 54.6556
320 17 54.6556
112 305 56.0905
305 112 56.0905
350 299 59.716
299 350 59.716
151 235 35.7205
235 151 35.7205
92 352 40.3402
352 92 40.3402
224 177 16.7013
177 224 16.7013
32 77 34.9364
77 32 34.9364
145 167 42.1667
167 145 42.1667
215 221 26.4478
221 215 26.4478
203 182 60.4417
182 203 60.4417
394 200 35.9848
200 394 35.9848
308 212 80.8493
212 308 80.8493
403 303 54.4219
303 403 54.4219
98 179 48.3808
179 98 48.3808
187 370 65.3549
370 187 65.3549
347 110 49.7193
110 347 49.7193
157 82 24.0316
82 157 24.0316
258 354 57.2516
354 258 57.2516
104 235 59.0765
235 104 59.0765
183 347 25.6479
347 183 25.6479
331 185 46.5932
185 331 46.5932
165 361 56.8962
361 165 56.8962
218 279 15.7829
279 218 15.7829
367 130 78.4454
130 367 78.4454
307 344 14.8086
344 307 14.8086
18 158 37.4534
158 18 37.4534
332 398 26.7431
398 332 26.7431
188 344 94.7258
344 188 94.7258
82 380 94.3617
380 82 94.3617
106 387 15.2678
387 106 15.2678
333 260 63.9886
260 333 63.9886
1 109 51.2821
109 1 51.2821
76 163 73.4311
163 76 73.4311
29 375 93.1213
375 29 93.1213
6 29 88.2318
29 6 88.2318
290 298 16.6667
298 290 16.6667
105 378 12.4518
378 105 12.4518
248 189 39.58
189 248 39.58
237 60 85.1422
60 237 85.1422
173 262 66.2604
262 173 66.2604
380 338 82.364
338 380 82.364
323 223 41.1783
223 323 41.1783
391 24 84.5005
24 391 84.5005
278 103 76.4933
103 278 76.4933
270 94 88.4324
94 270 88.4324
181 101 90.7456
101 181 90.7456
310 72 89.4921
72 310 89.4921
232 108 20.3479
108 232 20.3479
194 271 63.1434
271 194 63.1434
119 405 65.8006
405 119 65.8006
262 142 55.5666
142 262 55.5666
12 170 58.711
170 12 58.711
248 286 58.547
286 248 58.547
278 118 79.8293
118 278 79.8293
239 126 34.0527
126 239 34.0527
136 142 71.6681
142 136 71.6681
40 216 65.1613
216 40 65.1613
146 286 45.5107
286 146 45.5107
157 11 80.2662
11 157 80.2662
329 371 63.4424
371 329 63.4424
114 275 70.5257
275 114 70.5257
218 56 14.8322
56 218 14.8322
324 343 73.5921
343 324 73.5921
350 203 26.4757
203 350 26.4757
149 405 90.7528
405 149 90.7528
218 277 12.0627
277 218 12.0627
337 232 86.1148
232 337 86.1148
279 139 88.1405
139 279 88.1405
313 329 67.3443
329 313 67.3443
364 158 68.3255
158 364 68.3255
365 176 71.4358
176 365 71.4358
237 288 86.7101
288 237 86.7101
91 67 75.5555
67 91 75.5555
367 340 51.4407
340 367 51.4407
371 257 94.057
257 371 94.057
285 315 98.599
315 285 98.599
382 163 36.7365
163 382 36.7365
164 315 16.4564
315 164 16.4564
303 168 35.9232
168 303 35.9232
57 315 73.7263
315 57 73.7263
331 320 37.7682
320 331 37.7682
365 126 51.9845
126 365 51.9845
366 13 23.414
13 366 23.414
14 226 53.2055
226 14 53.2055
156 339 22.7736
339 156 22.7736
330 275 52.8345
275 330 52.8345
37 309 19.6752
309 37 19.6752
375 262 75.6107
262 375 75.6107
141 208 31.836
208 141 31.836
66 279 31.1148
279 66 31.1148
393 297 41.1073
297 393 41.1073
399 67 73.1155
67 399 73.1155
91 294 38.5686
294 91 38.5686
294 22 35.0951
22 294 35.0951
211 320 58.6004
320 211 58.6004
69 407 27.1803
407 69 27.1803
244 214 93.5977
214 244 93.5977
44 125 52.2738
125 44 52.2738
128 93 73.7345
93 128 73.7345
278 101 87.9626
101 278 87.9626
162 408 40.9133
408 162 40.9133
305 118 49.8372
118 305 49.8372
269 398 14.0177
398 269 14.0177
353 140 20.7925
140 353 20.7925
384 6 32.1325
6 384 32.1325
403 274 81.6334
274 403 81.6334
318 357 21.7495
357 318 21.7495
82 284 44.803
284 82 44.803
234 402 84.5461
402 234 84.5461
30 185 99.4879
185 30 99.4879
58 198 45.4806
198 58 45.4806
326 236 89.1075
236 326 89.1075
251 303 55.3319
303 251 55.3319
220 224 84.2065
224 220 84.2065
391 34 81.443
34 391 81.443
73 10 69.1337
10 73 69.1337
284 123 91.3291
123 284 91.3291
77 141 22.9258
141 77 22.9258
257 284 39.0341
284 257 39.0341
405 66 62.6689
66 405 62.6689
156 19 24.8999
19 156 24.8999
224 326 58.0855
326 224 58.0855
256 397 83.9113
397 256 83.9113
156 79 16.4888
79 156 16.4888
206 100 49.15
100 206 49.15
77 188 74.9945
188 77 74.9945
359 357 97.008
357 359 97.008
107 149 81.1527
149 107 81.1527
191 376 97.6886
376 191 97.6886
289 187 41.3955
187 289 41.3955
60 123 51.5339
123 60 51.5339
363 84 70.372
84 363 70.372
165 348 41.0139
348 165 41.0139
345 352 30.088
352 345 30.088
88 95 66.7707
95 88 66.7707
286 256 81.4555
256 286 81.4555
64 373 30.3223
373 64 30.3223
155 275 61.5392
275 155 61.5392
172 69 77.1356
69 172 77.1356
249 368 67.6602
368 249 67.6602
158 241 31.1716
241 158 31.1716
262 255 18.4713
255 262 18.4713
251 249 22.3208
249 251 22.3208
236 130 28.8669
130 236 28.8669
281 117 71.6084
117 281 71.6084
230 94 58.6517
94 230 58.6517
375 393 33.7246
393 375 33.7246
254 234 97.1088
234 254 97.1088
56 276 19.2124
276 56 19.2124
298 157 81.0273
157 298 81.0273
345 190 11.481
190 345 11.481
43 159 40.1364
159 43 40.1364
378 57 67.4203
57 378 67.4203
313 321 73.6497
321 313 73.6497
348 229 73.2524
229 348 73.2524
203 16 98.8232
16 203 98.8232
384 10 80.977
10 384 80.977
238 320 24.7227
320 238 24.7227
182 137 17.8482
137 182 17.8482
133 117 74.7284
117 133 74.7284
239 325 72.9998
325 239 72.9998
153 196 76.0121
196 153 76.0121
315 87 15.7335
87 315 15.7335
49 150 76.6781
150 49 76.6781
384 373 17.0956
373 384 17.0956
73 25 79.0239
25 73 79.0239
374 326 86.5748
326 374 86.5748
284 302 56.6809
302 284 56.6809
15 111 64.0448
111 15 64.0448
317 357 89.0694
357 317 89.0694
239 119 89.3908
119 239 89.3908
181 369 98.0225
369 181 98.0225
105 353 82.2429
353 105 82.2429
258 256 92.9618
256 258 92.9618
282 325 36.685
325 282 36.685
254 214 39.8927
214 254 39.8927
20 237 18.8014
237 20 18.8014
171 139 46.1444
139 171 46.1444
383 331 48.8871
331 383 48.8871
195 318 27.2751
318 195 27.2751
373 44 58.3038
44 373 58.3038
341 200 25.9471
200 341 25.9471
61 84 14.1672
84 61 14.1672
225 50 19.6504
50 225 19.6504
272 243 63.9449
243 272 63.9449
96 201 50.9879
201 96 50.9879
362 366 48.9932
366 362 48.9932
252 175 54.3011
175 252 54.3011
106 136 39.5363
136 106 39.5363
399 269 99.1975
269 399 99.1975
70 403 37.8849
403 70 37.8849
39 372 51.1312
372 39 51.1312
321 210 81.1647
210 321 81.1647
110 10 43.8069
10 110 43.8069
304 306 99.1308
306 304 99.1308
333 194 45.4753
194 333 45.4753
27 284 67.834
284 27 67.834
238 146 46.455
146 238 46.455
25 361 98.3579
361 25 98.3579
224 50 45.1891
50 224 45.1891
282 55 53.7776
55 282 53.7776
130 3 28.4469
3 130 28.4469
134 249 62.3066
249 134 62.3066
112 58 83.3899
58 112 83.3899
74 389 22.6487
389 74 22.6487
127 55 39.131
55 127 39.131
192 272 76.4213
272 192 76.4213
271 362 71.4458
362 271 71.4458
360 22 99.8667
22 360 99.8667
298 161 41.7921
161 298 41.7921
20 263 99.4085
263 20 99.4085
359 112 66.3829
112 359 66.3829
403 131 73.6356
131 403 73.6356
401 134 76.1796
134 401 76.1796
187 351 76.2195
351 187 76.2195
383 40 14.7296
40 383 14.7296
92 33 60.3773
33 92 60.3773
164 75 66.5174
75 164 66.5174
256 209 95.7747
209 256 95.7747
117 96 73.3112
96 117 73.3112
134 325 57.3021
325 134 57.3021
135 376 49.5948
376 135 49.5948
256 157 37.9841
157 256 37.9841
32 397 29.0298
397 32 29.0298
319 152 40.5058
152 319 40.5058
149 402 41.0307
402 149 41.0307
382 178 21.0074
178 382 21.0074
215 305 61.8323
305 215 61.8323
25 347 53.1396
347 25 53.1396
277 139 64.85
139 277 64.85
199 173 84.1933
173 199 84.1933
133 301 73.7724
301 133 73.7724
71 170 76.4746
170 71 76.4746
112 70 95.5854
70 112 95.5854
243 136 98.9957
136 243 98.9957
400 150 11.6846
150 400 11.6846
208 182 56.3252
182 208 56.3252
221 88 29.1714
88 221 29.1714
133 233 52.2469
233 133 52.2469
226 24 88.257
24 226 88.257
326 149 23.6471
149 326 23.6471
246 81 91.3969
81 246 91.3969
334 59 35.7455
59 334 35.7455
217 10 37.0438
10 217 37.0438
26 204 12.1718
204 26 12.1718
160 324 10.2117
324 160 10.2117
231 344 13.4694
344 231 13.4694
83 294 84.3204
294 83 84.3204
303 167 41.9178
167 303 41.9178
316 177 79.7577
177 316 79.7577
116 78 79.2092
78 116 79.2092
296 382 87.7506
382 296 87.7506
273 97 20.8388
97 273 20.8388
238 383 56.9486
383 238 56.9486
173 205 56.1402
205 173 56.1402
387 186 57.4422
186 387 57.4422
378 135 67.8838
135 378 67.8838
183 42 69.2159
42 183 69.2159
67 72 28.4899
72 67 28.4899
365 268 21.879
268 365 21.879
319 301 49.1193
301 319 49.1193
354 261 38.3729
261 354 38.3729
103 242 79.8698
242 103 79.8698
23 206 24.4498
206 23 24.4498
370 144 21.7308
144 370 21.7308
105 223 29.2782
223 105 29.2782
257 259 11.0534
259 257 11.0534
140 292 33.7892
292 140 33.7892
24 224 70.0433
224 24 70.0433
46 405 76.819
405 46 76.819
104 17 18.435
17 104 18.435
268 364 90.7215
364 268 90.7215
314 335 85.1367
335 314 85.1367
189 245 34.6559
245 189 34.6559
348 6 62.6245
6 348 62.6245
58 16 40.0272
16 58 40.0272
119 320 97.8415
320 119 97.8415
34 109 33.9103
109 34 33.9103
228 167 11.8143
167 228 11.8143
270 232 29.5815
232 270 29.5815
200 159 87.4095
159 200 87.4095
196 19 73.6594
19 196 73.6594
308 231 21.2595
231 308 21.2595
118 276 87.9736
276 118 87.9736
160 265 61.9369
265 160 61.9369
95 402 35.1327
402 95 35.1327
351 110 98.9857
110 351 98.9857
135 81 57.1175
81 135 57.1175
108 289 94.9942
289 108 94.9942
305 23 60.6214
23 305 60.6214
128 157 27.6128
157 128 27.6128
5 259 60.9562
259 5 60.9562
93 293 16.3589
293 93 16.3589
104 351 61.1995
351 104 61.1995
226 75 59.5516
75 226 59.5516
38 15 63.8734
15 38 63.8734
107 116 12.488
116 107 12.488
238 234 14.3543
234 238 14.3543
160 358 49.4908
358 160 49.4908
92 379 64.8049
379 92 64.8049
164 100 54.6407
100 164 54.6407
402 381 30.5228
381 402 30.5228
28 139 64.4195
139 28 64.4195
164 49 91.114
49 164 91.114
398 161 14.6262
161 398 14.6262
393 70 28.2926
70 393 28.2926
41 50 18.3236
50 41 18.3236
233 385 51.4568
385 233 51.4568
155 158 52.5387
158 155 52.5387
218 327 34.918
327 218 34.918
384 195 37.6706
195 384 37.6706
8 235 65.7905
235 8 65.7905
62 243 94.7198
243 62 94.7198
52 178 16.0042
178 52 16.0042
238 63 98.7851
63 238 98.7851
186 118 38.5216
118 186 38.5216
380 239 79.9264
239 380 79.9264
311 133 54.2296
133 311 54.2296
316 407 61.0666
407 316 61.0666
260 124 14.5359
124 260 14.5359
164 405 33.2861
405 164 33.2861
304 369 93.0205
369 304 93.0205
325 398 56.8154
398 325 56.8154
269 109 28.0729
109 269 28.0729
108 96 23.3201
96 108 23.3201
309 270 69.8417
270 309 69.8417
59 119 20.3981
119 59 20.3981
117 102 72.5634
102 117 72.5634
312 197 84.366
197 312 84.366
141 213 76.8033
213 141 76.8033
30 105 30.8766
105 30 30.8766
287 408 51.0664
408 287 51.0664
221 53 55.0533
53 221 55.0533
58 239 62.6819
239 58 62.6819
81 377 23.3795
377 81 23.3795
384 196 23.9575
196 384 23.9575
37 194 83.1631
194 37 83.1631
203 33 53.6601
33 203 53.6601
141 320 11.9909
320 141 11.9909
15 160 59.2145
160 15 59.2145
63 97 74.4837
97 63 74.4837
54 11 91.4978
11 54 91.4978
176 141 73.8415
141 176 73.8415
314 319 16.1983
319 314 16.1983
80 26 94.3055
26 80 94.3055
340 217 31.2786
217 340 31.2786
195 144 97.2862
144 195 97.2862
289 351 45.4142
351 289 45.4142
308 287 68.0211
287 308 68.0211
216 362 52.7305
362 216 52.7305
299 310 42.9119
310 299 42.9119
359 38 29.2658
38 359 29.2658
53 366 83.6567
366 53 83.6567
153 403 49.1091
403 153 49.1091
281 231 64.9681
231 281 64.9681
377 31 97.2947
31 377 97.2947
212 214 66.4061
214 212 66.4061
121 96 78.3641
96 121 78.3641
104 148 46.377
148 104 46.377
365 276 56.0699
276 365 56.0699
200 210 79.4898
210 200 79.4898
74 314 91.4287
314 74 91.4287
126 145 40.4807
145 126 40.4807
58 235 66.7044
235 58 66.7044
46 108 32.9625
108 46 32.9625
217 53 44.5817
53 217 44.5817
306 284 91.5002
284 306 91.5002
85 389 76.0408
389 85 76.0408
396 182 91.6354
182 396 91.6354
319 169 42.0769
169 319 42.0769
107 205 41.6846
205 107 41.6846
124 4 86.499
4 124 86.499
14 353 58.6248
353 14 58.6248
389 371 54.5683
371 389 54.5683
81 66 10.6336
66 81 10.6336
287 333 33.454
333 287 33.454
54 116 32.056
116 54 32.056
385 67 60.708
67 385 60.708
353 197 33.3852
197 353 33.3852
83 115 93.2074
115 83 93.2074
215 184 67.8787
184 215 67.8787
332 184 84.482
184 332 84.482
350 134 60.2385
134 350 60.2385
332 189 85.9706
189 332 85.9706
31 263 52.8208
263 31 52.8208
208 263 19.2877
263 208 19.2877
335 387 19.4404
387 335 19.4404
209 272 74.2248
272 209 74.2248
37 319 83.8397
319 37 83.8397
243 104 41.7744
104 243 41.7744
399 327 48.9012
327 399 48.9012
335 62 39.8148
62 335 39.8148
54 60 66.6439
60 54 66.6439
317 310 94.7805
310 317 94.7805
354 168 29.5435
168 354 29.5435
278 405 83.1644
405 278 83.1644
279 169 73.2079
169 279 73.2079
350 12 22.7297
12 350 22.7297
142 389 43.7649
389 142 43.7649
10 372 60.9939
372 10 60.9939
285 283 87.2002
283 285 87.2002
397 12 10.7697
12 397 10.7697
265 251 15.8731
251 265 15.8731
364 9 97.02
9 364 97.02
152 65 47.2089
65 152 47.2089
368 298 23.4083
298 368 23.4083
363 53 89.7038
53 363 89.7038
101 331 11.5037
331 101 11.5037
387 356 48.5095
356 387 48.5095
20 62 95.0709
62 20 95.0709
301 66 30.4646
66 301 30.4646
85 46 15.6426
46 85 15.6426
369 340 49.7983
340 369 49.7983
187 386 57.24
386 187 57.24
36 346 46.1743
346 36 46.1743
188 6 32.9854
6 188 32.9854
114 213 58.2079
213 114 58.2079
218 389 77.6649
389 218 77.6649
267 95 17.3434
95 267 17.3434
102 152 94.3822
152 102 94.3822
319 184 67.0222
184 319 67.0222
244 82 97.5881
82 244 97.5881
293 266 85.7163
266 293 85.7163
72 189 38.0979
189 72 38.0979
260 369 91.0572
369 260 91.0572
153 61 84.1044
61 153 84.1044
406 355 97.6364
355 406 97.6364
334 204 38.1117
204 334 38.1117
388 179 68.5421
179 388 68.5421
17 190 68.976
190 17 68.976
371 287 17.8924
287 371 17.8924
368 34 49.1519
34 368 49.1519
140 283 68.1465
283 140 68.1465
222 218 79.7782
218 222 79.7782
337 287 24.9255
287 337 24.9255
307 230 72.1177
230 307 72.1177
124 198 62.6847
198 124 62.6847
403 128 86.3127
128 403 86.3127
48 187 77.1411
187 48 77.1411
328 336 26.514
336 328 26.514
133 340 56.9451
340 133 56.9451
127 323 63.2225
323 127 63.2225
21 22 99.0546
22 21 99.0546
45 368 97.1195
368 45 97.1195
208 71 19.6308
71 208 19.6308
56 157 61.4026
157 56 61.4026
116 24 28.3315
24 116 28.3315
212 370 83.8404
370 212 83.8404
334 374 37.3406
374 334 37.3406
221 259 14.0677
259 221 14.0677
306 106 56.3229
106 306 56.3229
348 285 38.6315
285 348 38.6315
401 222 73.5492
222 401 73.5492
131 22 76.5581
22 131 76.5581
93 333 29.4722
333 93 29.4722
204 296 80.5231
296 204 80.5231
140 253 25.7051
253 140 25.7051
51 45 66.6069
45 51 66.6069
171 400 46.3817
400 171 46.3817
179 239 36.4079
239 179 36.4079
103 147 12.8888
147 103 12.8888
341 231 83.031
231 341 83.031
308 168 74.3437
168 308 74.3437
227 237 25.0185
237 227 25.0185
85 129 36.8015
129 85 36.8015
47 51 98.5488
51 47 98.5488
138 330 42.3588
330 138 42.3588
31 116 68.5092
116 31 68.5092
401 17 86.3677
17 401 86.3677
23 386 61.8756
386 23 61.8756
142 85 10.5232
85 142 10.5232
23 391 24.6452
391 23 24.6452
33 94 27.0433
94 33 27.0433
355 60 22.1619
60 355 22.1619
39 189 90.3861
189 39 90.3861
322 329 42.9532
329 322 42.9532
60 263 45.8035
263 60 45.8035
288 216 36.0527
216 288 36.0527
315 326 57.9204
326 315 57.9204
335 69 41.4634
69 335 41.4634
105 205 71.1028
205 105 71.1028
370 166 76.672
166 370 76.672
53 348 69.1035
348 53 69.1035
328 36 14.7158
36 328 14.7158
368 285 80.5248
285 368 80.5248
103 290 66.5297
290 103 66.5297
298 16 71.7283
16 298 71.7283
241 56 96.1686
56 241 96.1686
205 276 39.8369
276 205 39.8369
47 85 81.114
85 47 81.114
192 76 26.8885
76 192 26.8885
246 377 25.9343
377 246 25.9343
213 271 79.3809
271 213 79.3809
370 10 32.2683
10 370 32.2683
130 279 73.0155
279 130 73.0155
0 46 58.0918
46 0 58.0918
195 355 58.9197
355 195 58.9197
306 164 87.7563
164 306 87.7563
112 223 68.448
223 112 68.448
368 103 27.239
103 368 27.239
308 74 83.1292
74 308 83.1292
94 299 67.4928
299 94 67.4928
218 150 21.465
150 218 21.465
92 154 37.7781
154 92 37.7781
45 155 65.181
155 45 65.181
52 347 68.4111
347 52 68.4111
96 336 92.7218
336 96 92.7218
66 290 55.2189
290 66 55.2189
299 190 35.5644
190 299 35.5644
177 105 22.4763
105 177 22.4763
148 200 96.2454
200 148 96.2454
2 264 30.1861
264 2 30.1861
9 47 18.8938
47 9 18.8938
297 217 27.7592
217 297 27.7592
68 79 34.1443
79 68 34.1443
37 89 28.7033
89 37 28.7033
345 91 52.9976
91 345 52.9976
141 23 46.5443
23 141 46.5443
7 176 12.2468
176 7 12.2468
100 223 97.7716
223 100 97.7716
394 98 96.2306
98 394 96.2306
207 51 88.3367
51 207 88.3367
43 346 87.4693
346 43 87.4693
36 311 12.7484
311 36 12.7484
256 362 70.2707
362 256 70.2707
166 75 29.727
75 166 29.727
202 370 70.7673
370 202 70.7673
249 218 27.3954
218 249 27.3954
322 372 47.4163
372 322 47.4163
361 66 70.4146
66 361 70.4146
297 338 15.9206
338 297 15.9206
361 254 74.3508
254 361 74.3508
385 89 67.0765
89 385 67.0765
374 332 95.9419
332 374 95.9419
68 174 90.5158
174 68 90.5158
313 62 83.3558
62 313 83.3558
214 5 97.1235
5 214 97.1235
300 273 31.413
273 300 31.413
233 63 59.976
63 233 59.976
367 288 24.0231
288 367 24.0231
247 78 19.6705
78 247 19.6705
349 268 88.7622
268 349 88.7622
62 28 16.8895
28 62 16.8895
318 77 13.6931
77 318 13.6931
391 58 86.1636
58 391 86.1636
119 301 28.8133
301 119 28.8133
106 25 82.8168
25 106 82.8168
334 27 53.3258
27 334 53.3258
145 260 15.1271
260 145 15.1271
53 227 59.7147
227 53 59.7147
83 226 28.2769
226 83 28.2769
297 387 31.1834
387 297 31.1834
192 359 63.5067
359 192 63.5067
6 246 97.2932
246 6 97.2932
358 391 50.1264
391 358 50.1264
219 347 44.0306
347 219 44.0306
254 170 31.2612
170 254 31.2612
18 239 21.2005
239 18 21.2005
138 235 89.4653
235 138 89.4653
400 296 68.9306
296 400 68.9306
172 168 17.3088
168 172 17.3088
171 125 37.8769
125 171 37.8769
78 251 83.2953
251 78 83.2953
81 102 96.9571
102 81 96.9571
47 277 55.2967
277 47 55.2967
81 195 57.7447
195 81 57.7447
25 147 56.6669
147 25 56.6669
343 240 57.0138
240 343 57.0138
306 320 60.3422
320 306 60.3422
88 403 35.7807
403 88 35.7807
324 48 37.8097
48 324 37.8097
163 331 26.6385
331 163 26.6385
393 130 98.3428
130 393 98.3428
105 289 76.7429
289 105 76.7429
259 55 90.6961
55 259 90.6961
26 115 95.9961
115 26 95.9961
378 98 31.5372
98 378 31.5372
407 342 44.3455
342 407 44.3455
241 65 52.5109
65 241 52.5109
111 164 85.8693
164 111 85.8693
166 143 75.8642
143 166 75.8642
61 357 94.281
357 61 94.281
238 151 18.5719
151 238 18.5719
180 247 82.4219
247 180 82.4219
34 14 11.653
14 34 11.653
9 36 40.5838
36 9 40.5838
185 250 66.4192
250 185 66.4192
246 190 67.1178
190 246 67.1178
84 319 29.1974
319 84 29.1974
240 149 60.1203
149 240 60.1203
73 120 70.4961
120 73 70.4961
87 15 82.7608
15 87 82.7608
167 131 98.4898
131 167 98.4898
20 315 62.5139
315 20 62.5139
365 102 87.249
102 365 87.249
140 383 90.0867
383 140 90.0867
236 296 28.9559
296 236 28.9559
50 96 55.4901
96 50 55.4901
78 17 35.5533
17 78 35.5533
218 378 94.0357
378 218 94.0357
13 262 93.9875
262 13 93.9875
393 291 81.1738
291 393 81.1738
43 79 70.9019
79 43 70.9019
231 309 30.0572
309 231 30.0572
366 40 64.3677
40 366 64.3677
369 347 25.9583
347 369 25.9583
290 291 33.0767
291 290 33.0767
163 262 41.6819
262 163 41.6819
29 21 77.4022
21 29 77.4022
30 96 96.1887
96 30 96.1887
334 258 57.1034
258 334 57.1034
247 198 90.2346
198 247 90.2346
77 265 66.5051
265 77 66.5051
328 331 38.9281
331 328 38.9281
140 265 17.7831
265 140 17.7831
205 366 21.6893
366 205 21.6893
345 33 62.1658
33 345 62.1658
286 66 55.4971
66 286 55.4971
178 256 66.55
256 178 66.55
77 94 14.9351
94 77 14.9351
290 218 65.3195
218 290 65.3195
397 350 28.8624
350 397 28.8624
303 93 22.3614
93 303 22.3614
157 227 88.2819
227 157 88.2819
40 344 90.2769
344 40 90.2769
269 379 24.8916
379 269 24.8916
220 75 63.2773
75 220 63.2773
61 298 34.4975
298 61 34.4975
139 319 59.4473
319 139 59.4473
119 2 15.4934
2 119 15.4934
334 124 12.8792
124 334 12.8792
181 394 63.3378
394 181 63.3378
90 111 32.7218
111 90 32.7218
397 391 89.9646
391 397 89.9646
22 100 41.9027
100 22 41.9027
135 199 43.2127
199 135 43.2127
396 219 69.7651
219 396 69.7651
86 121 98.6705
121 86 98.6705
202 37 20.8688
37 202 20.8688
248 57 99.1535
57 248 99.1535
282 379 47.1494
379 282 47.1494
129 22 67.8061
22 129 67.8061
42 378 76.9834
378 42 76.9834
225 340 20.2609
340 225 20.2609
152 312 51.2626
312 152 51.2626
192 181 11.6709
181 192 11.6709
378 283 22.8508
283 378 22.8508
311 376 53.8579
376 311 53.8579
305 197 39.7807
197 305 39.7807
247 321 73.6879
321 247 73.6879
165 239 24.1377
239 165 24.1377
74 292 50.5823
292 74 50.5823
81 147 10.8492
147 81 10.8492
287 295 94.1127
295 287 94.1127
205 21 43.4197
21 205 43.4197
183 23 22.9577
23 183 22.9577
231 369 91.2047
369 231 91.2047
371 144 21.7629
144 371 21.7629
140 154 52.0129
154 140 52.0129
404 175 71.9342
175 404 71.9342
86 299 90.4087
299 86 90.4087
105 358 69.8407
358 105 69.8407
171 132 82.9459
132 171 82.9459
46 294 92.4025
294 46 92.4025
36 42 87.5864
42 36 87.5864
341 9 91.4081
9 341 91.4081
65 355 74.4518
355 65 74.4518
276 210 21.7106
210 276 21.7106
191 54 96.7837
54 191 96.7837
144 102 37.0088
102 144 37.0088
330 263 43.6913
263 330 43.6913
102 359 10.603
359 102 10.603
144 47 20.6398
47 144 20.6398
352 78 56.9425
78 352 56.9425
312 211 56.2517
211 312 56.2517
320 316 11.3125
316 320 11.3125
272 118 31.1209
118 272 31.1209
118 398 52.3118
398 118 52.3118
8 329 66.9623
329 8 66.9623
352 275 86.4206
275 352 86.4206
168 407 56.7844
407 168 56.7844
282 79 30.2428
79 282 30.2428
262 118 80.8683
118 262 80.8683
196 212 14.3021
212 196 14.3021
185 112 14.6953
112 185 14.6953
184 282 72.9011
282 184 72.9011
318 146 48.3286
146 318 48.3286
180 348 30.8875
348 180 30.8875
337 192 23.7215
