205 2740 139 193
1 0 85.2961
0 1 85.2961
2 1 42.4645
1 2 42.4645
3 2 71.1419
2 3 71.1419
4 0 29.9613
0 4 29.9613
5 1 35.7903
1 5 35.7903
6 5 46.6928
5 6 46.6928
7 0 71.0103
0 7 71.0103
8 5 66.1729
5 8 66.1729
9 0 62.0527
0 9 62.0527
10 2 32.2493
2 10 32.2493
11 9 94.182
9 11 94.182
12 5 72.8538
5 12 72.8538
13 2 57.5035
2 13 57.5035
14 13 16.1355
13 14 16.1355
15 11 92.2076
11 15 92.2076
16 0 78.9536
0 16 78.9536
17 11 32.524
11 17 32.524
18 5 78.8118
5 18 78.8118
19 15 28.3433
15 19 28.3433
20 4 96.6198
4 20 96.6198
21 7 40.3314
7 21 40.3314
22 6 80.0243
6 22 80.0243
23 12 77.6934
12 23 77.6934
24 22 33.6437
22 24 33.6437
25 15 46.662
15 25 46.662
26 16 83.9894
16 26 83.9894
27 26 38.8667
26 27 38.8667
28 5 92.1346
5 28 92.1346
29 1 92.7825
1 29 92.7825
30 21 10.9165
21 30 10.9165
31 19 92.571
19 31 92.571
32 7 89.1558
7 32 89.1558
33 17 20.5614
17 33 20.5614
34 14 71.6341
14 34 71.6341
35 4 52.9811
4 35 52.9811
36 21 83.1026
21 36 83.1026
37 6 96.533
6 37 96.533
38 33 14.1244
33 38 14.1244
39 25 85.8154
25 39 85.8154
40 27 16.7022
27 40 16.7022
41 29 90.921
29 41 90.921
42 21 74.3383
21 42 74.3383
43 27 72.6679
27 43 72.6679
44 2 89.7512
2 44 89.7512
45 34 27.9315
34 45 27.9315
46 25 19.6831
25 46 19.6831
47 21 73.4785
21 47 73.4785
48 3 76.987
3 48 76.987
49 16 48.9861
16 49 48.9861
50 9 19.0317
9 50 19.0317
51 18 25.5924
18 51 25.5924
52 0 86.399
0 52 86.399
53 26 23.359
26 53 23.359
54 15 14.1649
15 54 14.1649
55 50 77.0197
50 55 77.0197
56 54 63.4669
54 56 63.4669
57 50 88.9512
50 57 88.9512
58 45 31.9873
45 58 31.9873
59 10 20.9117
10 59 20.9117
60 42 83.6496
42 60 83.6496
61 22 15.9372
22 61 15.9372
62 56 78.004
56 62 78.004
63 37 51.3825
37 63 51.3825
64 22 16.5194
22 64 16.5194
65 46 90.4945
46 65 90.4945
66 23 12.4659
23 66 12.4659
67 23 90.2466
23 67 90.2466
68 59 98.6032
59 68 98.6032
69 62 68.2053
62 69 68.2053
70 13 19.6243
13 70 19.6243
71 4 21.6761
4 71 21.6761
72 57 23.4243
57 72 23.4243
73 61 87.044
61 73 87.044
74 21 15.5023
21 74 15.5023
75 8 81.8004
8 75 81.8004
76 65 43.1256
65 76 43.1256
77 2 43.4299
2 77 43.4299
78 32 12.2537
32 78 12.2537
79 77 14.2193
77 79 14.2193
80 2 48.9872
2 80 48.9872
81 43 13.6399
43 81 13.6399
82 51 89.3747
51 82 89.3747
83 49 58.5457
49 83 58.5457
84 20 58.5987
20 84 58.5987
85 39 96.674
39 85 96.674
86 18 36.0256
18 86 36.0256
87 81 31.6762
81 87 31.6762
88 2 97.4965
2 88 97.4965
89 38 32.4649
38 89 32.4649
90 1 79.7506
1 90 79.7506
91 7 77.3713
7 91 77.3713
92 68 61.1158
68 92 61.1158
93 58 91.399
58 93 91.399
94 93 92.5581
93 94 92.5581
95 84 52.2625
84 95 52.2625
96 27 41.912
27 96 41.912
97 20 13.6718
20 97 13.6718
98 39 71.8959
39 98 71.8959
99 59 49.6159
59 99 49.6159
100 87 15.7894
87 100 15.7894
101 73 71.8819
73 101 71.8819
102 88 45.6128
88 102 45.6128
103 53 76.1923
53 103 76.1923
104 52 47.2306
52 104 47.2306
105 15 35.6155
15 105 35.6155
106 67 57.9961
67 106 57.9961
107 63 29.3076
63 107 29.3076
108 23 25.6246
23 108 25.6246
109 9 71.0503
9 109 71.0503
110 12 18.6062
12 110 18.6062
111 55 59.743
55 111 59.743
112 69 25.6427
69 112 25.6427
113 84 95.9513
84 113 95.9513
114 0 26.6395
0 114 26.6395
115 85 29.4345
85 115 29.4345
116 44 86.876
44 116 86.876
117 59 39.7321
59 117 39.7321
118 80 50.7944
80 118 50.7944
119 1 82.1791
1 119 82.1791
120 61 37.3258
61 120 37.3258
121 54 68.5319
54 121 68.5319
122 54 10.6457
54 122 10.6457
123 82 12.0938
82 123 12.0938
124 1 14.944
1 124 14.944
125 69 86.7421
69 125 86.7421
126 41 56.9205
41 126 56.9205
127 88 68.1074
88 127 68.1074
128 2 16.5186
2 128 16.5186
129 94 76.261
94 129 76.261
130 28 39.906
28 130 39.906
131 93 66.8327
93 131 66.8327
132 85 69.6031
85 132 69.6031
133 22 53.3298
22 133 53.3298
134 119 87.5416
119 134 87.5416
135 10 29.2118
10 135 29.2118
136 135 56.0608
135 136 56.0608
137 84 15.4549
84 137 15.4549
138 34 73.7885
34 138 73.7885
139 43 39.4254
43 139 39.4254
140 44 18.4562
44 140 18.4562
141 125 18.7388
125 141 18.7388
142 131 80.0993
131 142 80.0993
143 102 73.6986
102 143 73.6986
144 77 85.3798
77 144 85.3798
145 86 42.9295
86 145 42.9295
146 60 20.7406
60 146 20.7406
147 121 44.8024
121 147 44.8024
148 131 14.1298
131 148 14.1298
149 72 73.4057
72 149 73.4057
150 133 19.345
133 150 19.345
151 2 54.7766
2 151 54.7766
152 104 84.9099
104 152 84.9099
153 70 53.8098
70 153 53.8098
154 20 92.0186
20 154 92.0186
155 154 58.2716
154 155 58.2716
156 142 57.1383
142 156 57.1383
157 94 61.5432
94 157 61.5432
158 60 79.6346
60 158 79.6346
159 137 48.6462
137 159 48.6462
160 87 84.8066
87 160 84.8066
161 79 54.0369
79 161 54.0369
162 100 43.0554
100 162 43.0554
163 70 53.5698
70 163 53.5698
164 145 91.0063
145 164 91.0063
165 73 36.8229
73 165 36.8229
166 117 38.0277
117 166 38.0277
167 30 31.5491
30 167 31.5491
168 110 32.1106
110 168 32.1106
169 139 77.1014
139 169 77.1014
170 44 96.3595
44 170 96.3595
171 164 22.1847
164 171 22.1847
172 107 23.3254
107 172 23.3254
173 142 63.4754
142 173 63.4754
174 128 75.1946
128 174 75.1946
175 4 60.1013
4 175 60.1013
176 25 26.8991
25 176 26.8991
177 84 39.947
84 177 39.947
178 172 70.805
172 178 70.805
179 37 60.3085
37 179 60.3085
180 45 19.8445
45 180 19.8445
181 55 94.5272
55 181 94.5272
182 92 93.7733
92 182 93.7733
183 26 55.6754
26 183 55.6754
184 149 81.4727
149 184 81.4727
185 161 37.1377
161 185 37.1377
186 151 26.2916
151 186 26.2916
187 106 30.7609
106 187 30.7609
188 158 44.8963
158 188 44.8963
189 134 42.8766
134 189 42.8766
190 152 64.6548
152 190 64.6548
191 50 83.2642
50 191 83.2642
192 121 70.9574
121 192 70.9574
193 182 81.0746
182 193 81.0746
194 46 53.0045
46 194 53.0045
195 98 69.0341
98 195 69.0341
196 116 45.579
116 196 45.579
197 103 86.5095
103 197 86.5095
198 13 90.6016
13 198 90.6016
199 66 29.3457
66 199 29.3457
200 121 10.5319
121 200 10.5319
201 57 72.0738
57 201 72.0738
202 84 58.5551
84 202 58.5551
203 165 97.0216
165 203 97.0216
204 2 85.5383
2 204 85.5383
40 117 93.6119
117 40 93.6119
2 45 75.5575
45 2 75.5575
196 184 12.1105
184 196 12.1105
199 91 74.3363
91 199 74.3363
198 103 79.1784
103 198 79.1784
121 97 51.6981
97 121 51.6981
132 154 60.8394
154 132 60.8394
19 161 84.3624
161 19 84.3624
104 3 67.9021
3 104 67.9021
70 113 60.1391
113 70 60.1391
106 164 59.631
164 106 59.631
114 187 61.9335
187 114 61.9335
199 177 11.9924
177 199 11.9924
129 116 64.4431
116 129 64.4431
121 83 16.9527
83 121 16.9527
34 107 99.2667
107 34 99.2667
79 20 57.0541
20 79 57.0541
56 176 44.6033
176 56 44.6033
81 109 50.12
109 81 50.12
88 168 64.4435
168 88 64.4435
33 198 49.115
198 33 49.115
190 53 93.4111
53 190 93.4111
178 27 87.332
27 178 87.332
76 134 37.5285
134 76 37.5285
38 180 83.8046
180 38 83.8046
106 175 79.3093
175 106 79.3093
32 17 61.9884
17 32 61.9884
113 90 15.2748
90 113 15.2748
173 108 59.8017
108 173 59.8017
50 201 70.2375
201 50 70.2375
121 53 85.3161
53 121 85.3161
8 195 68.5539
195 8 68.5539
203 62 71.7594
62 203 71.7594
153 42 54.3212
42 153 54.3212
22 164 46.2824
164 22 46.2824
154 75 59.1251
75 154 59.1251
123 27 85.3482
27 123 85.3482
182 165 53.9441
165 182 53.9441
27 14 87.879
14 27 87.879
46 130 63.1097
130 46 63.1097
3 149 12.0472
149 3 12.0472
16 167 42.3051
167 16 42.3051
101 62 17.2644
62 101 17.2644
190 103 76.1702
103 190 76.1702
127 95 27.5939
95 127 27.5939
47 172 81.3551
172 47 81.3551
49 171 69.963
171 49 69.963
112 55 28.8256
55 112 28.8256
192 59 52.3077
59 192 52.3077
104 126 66.0699
126 104 66.0699
79 185 61.9706
185 79 61.9706
84 12 27.5563
12 84 27.5563
0 80 52.5137
80 0 52.5137
48 19 75.9006
19 48 75.9006
131 149 18.6116
149 131 18.6116
177 87 71.0008
87 177 71.0008
52 54 50.6203
54 52 50.6203
139 26 66.3277
26 139 66.3277
108 17 18.7567
17 108 18.7567
17 91 30.9534
91 17 30.9534
181 183 25.7044
183 181 25.7044
204 67 15.9019
67 204 15.9019
67 75 79.9972
75 67 79.9972
50 5 19.6864
5 50 19.6864
60 191 79.1896
191 60 79.1896
29 125 50.3361
125 29 50.3361
66 113 48.2729
113 66 48.2729
73 158 65.4596
158 73 65.4596
43 117 99.117
117 43 99.117
126 13 11.5514
13 126 11.5514
85 104 37.8559
104 85 37.8559
63 116 51.3508
116 63 51.3508
128 131 60.9294
131 128 60.9294
155 109 70.4778
109 155 70.4778
188 6 56.4875
6 188 56.4875
146 36 84.3757
36 146 84.3757
125 194 85.6184
194 125 85.6184
105 173 59.0789
173 105 59.0789
41 169 66.9577
169 41 66.9577
188 67 51.2257
67 188 51.2257
47 167 39.4788
167 47 39.4788
113 203 52.8859
203 113 52.8859
124 80 88.6409
80 124 88.6409
93 122 34.6463
122 93 34.6463
37 192 65.4183
192 37 65.4183
12 125 89.5588
125 12 89.5588
148 121 86.6632
121 148 86.6632
166 52 64.395
52 166 64.395
175 119 21.5702
119 175 21.5702
68 60 71.4373
60 68 71.4373
60 123 26.4263
123 60 26.4263
135 84 62.0492
84 135 62.0492
19 54 10.2323
54 19 10.2323
22 42 65.5823
42 22 65.5823
48 124 62.1853
124 48 62.1853
28 170 25.4037
170 28 25.4037
38 142 94.8246
142 38 94.8246
81 76 55.3012
76 81 55.3012
65 125 90.7164
125 65 90.7164
23 125 15.8121
125 23 15.8121
105 140 42.8343
140 105 42.8343
90 9 68.5535
9 90 68.5535
16 6 88.1183
6 16 88.1183
141 100 32.1784
100 141 32.1784
81 185 13.1237
185 81 13.1237
153 72 39.6236
72 153 39.6236
165 162 62.2707
162 165 62.2707
1 159 71.2799
159 1 71.2799
39 188 29.3813
188 39 29.3813
97 43 13.4316
43 97 13.4316
199 63 83.2689
63 199 83.2689
165 12 66.0694
12 165 66.0694
23 3 15.911
3 23 15.911
91 97 57.0077
97 91 57.0077
56 101 83.9813
101 56 83.9813
149 28 66.2709
28 149 66.2709
186 30 70.3331
30 186 70.3331
111 83 46.8561
83 111 46.8561
105 38 23.2393
38 105 23.2393
200 154 34.3818
154 200 34.3818
179 200 87.3374
200 179 87.3374
163 192 26.2391
192 163 26.2391
167 71 59.6633
71 167 59.6633
1 54 27.8776
54 1 27.8776
0 147 44.6563
147 0 44.6563
54 102 37.2484
102 54 37.2484
109 61 78.554
61 109 78.554
39 64 44.7611
64 39 44.7611
3 56 98.8381
56 3 98.8381
87 120 34.7447
120 87 34.7447
190 86 57.8385
86 190 57.8385
51 3 90.5637
3 51 90.5637
125 161 40.9342
161 125 40.9342
129 175 50.0488
175 129 50.0488
145 48 29.183
48 145 29.183
172 69 60.0157
69 172 60.0157
190 56 49.0452
56 190 49.0452
108 92 71.8934
92 108 71.8934
168 183 57.6229
183 168 57.6229
51 117 47.3525
117 51 47.3525
42 62 81.0077
62 42 81.0077
46 139 31.0483
139 46 31.0483
160 17 77.7985
17 160 77.7985
57 162 66.9461
162 57 66.9461
32 49 86.2641
49 32 86.2641
16 173 61.1408
173 16 61.1408
47 184 87.1314
184 47 87.1314
160 169 48.4498
169 160 48.4498
114 90 57.8476
90 114 57.8476
201 182 50.794
182 201 50.794
180 109 16.8427
109 180 16.8427
108 88 56.0359
88 108 56.0359
18 202 68.7687
202 18 68.7687
66 4 54.9994
4 66 54.9994
61 132 66.2275
132 61 66.2275
119 26 20.3463
26 119 20.3463
178 59 67.8215
59 178 67.8215
149 106 25.2628
106 149 25.2628
187 32 41.2653
32 187 41.2653
195 0 16.3185
0 195 16.3185
52 2 77.2764
2 52 77.2764
196 47 43.3131
47 196 43.3131
182 157 40.5976
157 182 40.5976
194 199 69.7114
199 194 69.7114
150 124 25.8705
124 150 25.8705
139 181 66.7181
181 139 66.7181
171 158 54.7377
158 171 54.7377
202 38 62.195
38 202 62.195
157 197 12.7542
197 157 12.7542
35 34 35.3949
34 35 35.3949
90 66 12.1431
66 90 12.1431
142 60 96.9668
60 142 96.9668
141 55 11.9516
55 141 11.9516
58 53 57.6616
53 58 57.6616
15 196 38.0104
196 15 38.0104
91 42 60.0217
42 91 60.0217
74 43 15.9074
43 74 15.9074
89 176 27.3025
176 89 27.3025
140 75 50.6633
75 140 50.6633
123 167 93.0158
167 123 93.0158
20 171 37.089
171 20 37.089
151 53 65.8665
53 151 65.8665
114 49 62.1426
49 114 62.1426
34 80 40.4533
80 34 40.4533
149 17 74.576
17 149 74.576
5 116 98.9141
116 5 98.9141
126 108 58.8783
108 126 58.8783
103 177 56.2429
177 103 56.2429
79 54 44.374
54 79 44.374
100 136 51.2184
136 100 51.2184
197 99 24.4342
99 197 24.4342
133 100 31.6015
100 133 31.6015
42 201 82.5652
201 42 82.5652
37 185 79.9961
185 37 79.9961
36 43 27.4465
43 36 27.4465
83 6 81.1849
6 83 81.1849
42 186 60.7648
186 42 60.7648
159 42 61.0044
42 159 61.0044
4 18 89.6705
18 4 89.6705
103 158 80.3959
158 103 80.3959
191 174 83.1139
174 191 83.1139
0 156 13.1341
156 0 13.1341
78 110 23.7707
110 78 23.7707
200 107 18.871
107 200 18.871
72 91 49.3922
91 72 49.3922
69 174 68.9147
174 69 68.9147
54 188 19.9164
188 54 19.9164
89 134 52.2456
134 89 52.2456
110 191 89.2631
191 110 89.2631
22 165 24.4985
165 22 24.4985
82 156 65.9334
156 82 65.9334
24 124 41.3238
124 24 41.3238
171 114 69.5773
114 171 69.5773
88 105 12.7422
105 88 12.7422
173 122 71.3583
122 173 71.3583
147 148 64.4088
148 147 64.4088
143 145 18.5979
145 143 18.5979
160 55 83.7579
55 160 83.7579
12 13 50.4308
13 12 50.4308
31 146 62.8291
146 31 62.8291
159 146 78.2546
146 159 78.2546
23 69 74.6897
69 23 74.6897
131 33 91.0967
33 131 91.0967
68 155 43.2772
155 68 43.2772
28 186 65.4675
186 28 65.4675
19 104 11.8106
104 19 11.8106
91 119 86.767
119 91 86.767
108 68 80.8612
68 108 80.8612
77 36 15.9325
36 77 15.9325
143 91 11.4539
91 143 11.4539
204 135 84.8774
135 204 84.8774
100 105 24.5041
105 100 24.5041
194 110 54.7976
110 194 54.7976
27 45 90.1358
45 27 90.1358
6 159 47.2593
159 6 47.2593
106 19 39.9293
19 106 39.9293
98 188 81.2689
188 98 81.2689
58 183 80.2286
183 58 80.2286
177 191 93.753
191 177 93.753
69 79 85.7226
79 69 85.7226
49 70 26.4337
70 49 26.4337
172 134 83.2019
134 172 83.2019
167 154 27.387
154 167 27.387
102 149 31.335
149 102 31.335
99 165 17.5111
165 99 17.5111
146 70 89.4677
70 146 89.4677
114 97 48.7544
97 114 48.7544
164 45 87.9546
45 164 87.9546
204 182 24.5521
182 204 24.5521
162 85 12.4446
85 162 12.4446
191 78 82.3004
78 191 82.3004
182 167 13.3403
167 182 13.3403
24 175 25.7915
175 24 25.7915
131 129 21.4896
129 131 21.4896
204 19 54.7815
19 204 54.7815
79 50 40.0439
50 79 40.0439
19 174 18.6839
174 19 18.6839
167 92 58.4929
92 167 58.4929
158 147 82.3114
147 158 82.3114
130 3 14.7055
3 130 14.7055
105 130 19.4217
130 105 19.4217
4 146 63.5368
146 4 63.5368
132 31 79.5938
31 132 79.5938
163 131 83.8966
131 163 83.8966
157 68 96.9584
68 157 96.9584
155 59 63.9645
59 155 63.9645
38 3 79.3104
3 38 79.3104
90 197 66.2745
197 90 66.2745
73 23 50.1277
23 73 50.1277
64 74 18.2957
74 64 18.2957
19 116 35.8835
116 19 35.8835
25 3 23.6929
3 25 23.6929
155 144 73.6992
144 155 73.6992
84 60 17.9704
60 84 17.9704
113 25 84.4423
25 113 84.4423
139 4 78.4121
4 139 78.4121
55 81 34.1493
81 55 34.1493
182 31 19.7256
31 182 19.7256
15 182 64.5659
182 15 64.5659
133 190 65.1978
190 133 65.1978
20 127 64.832
127 20 64.832
156 80 57.4834
80 156 57.4834
95 199 23.5902
199 95 23.5902
75 40 39.5987
40 75 39.5987
22 146 79.2432
146 22 79.2432
160 51 18.3853
51 160 18.3853
79 151 86.3658
151 79 86.3658
190 148 88.8276
148 190 88.8276
95 7 73.8114
7 95 73.8114
28 113 75.9801
113 28 75.9801
47 139 75.2397
139 47 75.2397
110 104 74.9502
104 110 74.9502
172 146 53.0304
146 172 53.0304
65 138 74.7186
138 65 74.7186
8 143 48.0603
143 8 48.0603
58 139 17.0847
139 58 17.0847
58 193 71.3789
193 58 71.3789
59 173 55.1027
173 59 55.1027
105 37 49.9758
37 105 49.9758
120 53 50.6896
53 120 50.6896
107 13 13.1891
13 107 13.1891
195 112 60.5924
112 195 60.5924
28 132 92.2504
132 28 92.2504
46 85 17.135
85 46 17.135
114 89 32.0078
89 114 32.0078
81 74 37.3645
74 81 37.3645
123 33 80.1461
33 123 80.1461
77 183 96.7375
183 77 96.7375
55 123 18.5513
123 55 18.5513
50 130 97.7562
130 50 97.7562
75 33 44.525
33 75 44.525
86 50 82.4896
50 86 82.4896
16 112 92.4143
112 16 92.4143
200 61 48.9941
61 200 48.9941
84 68 36.8725
68 84 36.8725
119 184 90.5115
184 119 90.5115
40 180 24.0896
180 40 24.0896
108 64 71.3545
64 108 71.3545
74 164 99.2016
164 74 99.2016
105 175 63.8694
175 105 63.8694
180 80 80.5907
80 180 80.5907
155 104 11.9911
104 155 11.9911
59 112 97.5111
112 59 97.5111
85 190 87.2283
190 85 87.2283
188 24 64.2137
24 188 64.2137
128 167 47.101
167 128 47.101
118 189 14.3467
189 118 14.3467
105 174 60.1946
174 105 60.1946
57 21 23.5265
21 57 23.5265
45 135 87.6624
135 45 87.6624
183 75 22.7206
75 183 22.7206
136 34 63.1935
34 136 63.1935
14 62 68.9587
62 14 68.9587
68 107 27.8307
107 68 27.8307
83 126 98.2806
126 83 98.2806
5 92 78.8483
92 5 78.8483
10 192 78.7502
192 10 78.7502
119 44 56.0665
44 119 56.0665
118 179 62.7039
179 118 62.7039
182 130 27.2241
130 182 27.2241
42 134 21.6888
134 42 21.6888
127 124 80.5585
124 127 80.5585
75 82 66.7596
82 75 66.7596
114 180 99.9982
180 114 99.9982
47 182 44.5758
182 47 44.5758
189 70 29.6568
70 189 29.6568
200 23 71.3235
23 200 71.3235
20 159 75.5719
159 20 75.5719
97 155 27.7748
155 97 27.7748
145 23 84.7548
23 145 84.7548
56 201 28.8129
201 56 28.8129
21 152 74.5944
152 21 74.5944
85 96 96.2358
96 85 96.2358
183 5 10.2991
5 183 10.2991
135 68 44.7377
68 135 44.7377
192 148 40.4612
148 192 40.4612
137 110 13.008
110 137 13.008
165 82 31.2101
82 165 31.2101
167 104 39.008
104 167 39.008
56 166 98.4618
166 56 98.4618
179 175 65.8572
175 179 65.8572
68 154 59.0345
154 68 59.0345
52 143 81.4897
143 52 81.4897
114 138 98.4274
138 114 98.4274
75 164 92.9515
164 75 92.9515
189 116 37.0457
116 189 37.0457
121 44 52.6115
44 121 52.6115
174 37 91.3368
37 174 91.3368
50 98 15.4184
98 50 15.4184
57 69 92.5326
69 57 92.5326
174 41 33.665
41 174 33.665
29 130 64.095
130 29 64.095
124 92 68.2761
92 124 68.2761
150 142 89.9749
142 150 89.9749
194 102 31.5493
102 194 31.5493
196 161 51.854
161 196 51.854
140 36 68.319
36 140 68.319
116 40 88.5621
40 116 88.5621
95 121 55.4589
121 95 55.4589
146 192 75.1206
192 146 75.1206
186 162 15.5653
162 186 15.5653
171 152 87.3698
152 171 87.3698
165 29 88.5352
29 165 88.5352
162 80 66.562
80 162 66.562
89 79 17.1625
79 89 17.1625
23 61 77.6976
61 23 77.6976
184 45 36.345
45 184 36.345
140 6 31.3088
6 140 31.3088
15 189 81.5361
189 15 81.5361
48 55 62.0416
55 48 62.0416
135 125 98.3458
125 135 98.3458
26 28 24.3113
28 26 24.3113
85 196 83.0296
196 85 83.0296
144 195 28.7604
195 144 28.7604
97 76 93.7927
76 97 93.7927
83 149 31.5331
149 83 31.5331
63 190 54.9764
190 63 54.9764
68 149 45.2827
149 68 45.2827
95 137 90.2893
137 95 90.2893
17 63 83.6749
63 17 83.6749
18 188 27.3253
188 18 27.3253
188 17 72.0769
17 188 72.0769
194 69 20.3173
69 194 20.3173
186 83 28.8482
83 186 28.8482
71 88 37.3033
88 71 37.3033
172 91 62.4007
91 172 62.4007
36 181 22.7283
181 36 22.7283
101 31 57.5851
31 101 57.5851
96 151 77.5685
151 96 77.5685
69 109 64.7366
109 69 64.7366
57 192 40.7349
192 57 40.7349
152 43 45.763
43 152 45.763
36 38 75.0131
38 36 75.0131
150 153 73.544
153 150 73.544
109 202 64.378
202 109 64.378
146 175 73.5229
175 146 73.5229
5 148 87.6363
148 5 87.6363
106 1 73.2935
1 106 73.2935
30 72 83.1936
72 30 83.1936
78 75 82.4835
75 78 82.4835
60 157 36.1067
157 60 36.1067
25 156 75.8919
156 25 75.8919
58 7 42.7406
7 58 42.7406
194 139 74.1717
139 194 74.1717
177 124 78.4237
124 177 78.4237
136 39 70.8623
39 136 70.8623
125 36 64.9744
36 125 64.9744
12 76 42.2874
76 12 42.2874
86 126 11.8652
126 86 11.8652
93 99 32.2827
99 93 32.2827
182 163 46.4637
163 182 46.4637
41 100 85.9154
100 41 85.9154
197 71 41.9207
71 197 41.9207
177 50 24.7322
50 177 24.7322
118 82 64.5428
82 118 64.5428
78 67 54.2297
67 78 54.2297
18 103 45.9655
103 18 45.9655
137 69 56.4433
69 137 56.4433
95 68 49.0368
68 95 49.0368
163 5 35.692
5 163 35.692
157 104 28.992
104 157 28.992
50 92 70.9575
92 50 70.9575
197 78 51.8716
78 197 51.8716
9 132 42.0947
132 9 42.0947
26 151 41.1899
151 26 41.1899
66 15 80.0178
15 66 80.0178
187 35 33.6728
35 187 33.6728
58 122 11.9661
122 58 11.9661
164 133 70.0844
133 164 70.0844
27 94 63.2511
94 27 63.2511
119 178 57.0373
178 119 57.0373
51 58 73.3078
58 51 73.3078
127 135 15.1064
135 127 15.1064
56 44 60.842
44 56 60.842
108 81 86.782
81 108 86.782
190 160 52.6626
160 190 52.6626
64 25 24.8531
25 64 24.8531
159 106 40.2714
106 159 40.2714
52 11 88.1068
11 52 88.1068
142 82 52.0713
82 142 52.0713
138 159 65.3958
159 138 65.3958
118 31 36.6077
31 118 36.6077
115 161 34.5474
161 115 34.5474
94 53 73.2665
53 94 73.2665
75 98 18.1344
98 75 18.1344
4 77 62.1442
77 4 62.1442
69 151 66.499
151 69 66.499
61 152 23.5736
152 61 23.5736
108 55 91.4699
55 108 91.4699
77 195 18.9
195 77 18.9
87 24 75.7622
24 87 75.7622
121 78 60.8663
78 121 60.8663
33 56 94.6457
56 33 94.6457
106 122 99.7435
122 106 99.7435
172 92 81.0875
92 172 81.0875
24 51 56.9873
51 24 56.9873
181 83 47.5522
83 181 47.5522
151 60 19.9009
60 151 19.9009
171 51 67.2038
51 171 67.2038
154 60 17.4633
60 154 17.4633
117 71 90.2013
71 117 90.2013
92 8 31.478
8 92 31.478
49 198 26.792
198 49 26.792
25 56 17.4579
56 25 17.4579
47 55 90.1444
55 47 90.1444
79 113 77.2352
113 79 77.2352
202 108 96.4922
108 202 96.4922
16 32 74.0046
32 16 74.0046
6 4 97.2865
4 6 97.2865
176 164 51.4975
164 176 51.4975
58 15 36.0523
15 58 36.0523
198 26 71.4991
26 198 71.4991
27 103 62.4008
103 27 62.4008
23 116 51.1441
116 23 51.1441
94 74 17.9832
74 94 17.9832
111 68 15.2285
68 111 15.2285
198 170 40.9888
170 198 40.9888
70 66 48.7578
66 70 48.7578
20 106 42.4601
106 20 42.4601
46 1 13.2083
1 46 13.2083
84 3 84.344
3 84 84.344
47 38 62.9041
38 47 62.9041
153 29 57.7505
29 153 57.7505
123 45 28.3753
45 123 28.3753
110 10 68.2643
10 110 68.2643
129 165 80.9318
165 129 80.9318
52 160 27.7171
160 52 27.7171
80 171 81.111
171 80 81.111
135 105 15.4102
105 135 15.4102
135 174 10.9068
174 135 10.9068
156 170 27.2104
170 156 27.2104
155 143 40.2536
143 155 40.2536
129 189 26.7709
189 129 26.7709
27 180 18.2025
180 27 18.2025
194 169 86.7356
169 194 86.7356
159 32 22.7481
32 159 22.7481
96 44 54.2344
44 96 54.2344
19 141 19.9366
141 19 19.9366
122 30 14.9027
30 122 14.9027
157 63 77.8247
63 157 77.8247
162 190 36.1036
190 162 36.1036
114 40 37.7622
40 114 37.7622
92 12 73.3209
12 92 73.3209
156 96 73.4714
96 156 73.4714
29 49 30.9077
49 29 30.9077
179 57 62.832
57 179 62.832
144 39 83.9305
39 144 83.9305
109 62 10.8712
62 109 10.8712
178 74 11.2085
74 178 11.2085
70 164 53.0152
164 70 53.0152
154 15 23.4344
15 154 23.4344
88 120 59.2253
120 88 59.2253
52 202 74.783
202 52 74.783
56 186 97.9835
186 56 97.9835
81 46 83.3709
46 81 83.3709
34 42 91.8214
42 34 91.8214
193 136 96.5516
136 193 96.5516
40 20 36.6494
20 40 36.6494
48 157 69.1937
157 48 69.1937
77 128 34.2765
128 77 34.2765
24 72 31.9884
72 24 31.9884
159 167 77.0358
167 159 77.0358
94 80 56.9925
80 94 56.9925
171 82 68.9343
82 171 68.9343
199 136 38.4117
136 199 38.4117
24 97 66.0495
97 24 66.0495
0 157 38.4542
157 0 38.4542
54 96 15.9824
96 54 15.9824
113 144 61.4814
144 113 61.4814
189 156 12.3889
156 189 12.3889
123 121 76.4255
121 123 76.4255
131 30 81.9441
30 131 81.9441
17 129 37.6979
129 17 37.6979
76 178 65.0384
178 76 65.0384
79 174 77.3319
174 79 77.3319
28 52 97.4677
52 28 97.4677
11 109 75.1631
109 11 75.1631
17 126 30.9968
126 17 30.9968
65 149 88.7032
149 65 88.7032
63 61 45.284
61 63 45.284
32 18 20.0372
18 32 20.0372
139 129 78.5947
129 139 78.5947
46 62 37.8206
62 46 37.8206
101 141 46.5333
141 101 46.5333
73 159 85.7283
159 73 85.7283
145 180 87.751
180 145 87.751
87 153 49.307
153 87 49.307
142 193 75.0715
193 142 75.0715
167 143 50.526
143 167 50.526
23 184 15.3608
184 23 15.3608
59 71 42.5036
71 59 42.5036
85 179 59.4182
179 85 59.4182
178 190 77.2552
190 178 77.2552
140 141 85.271
141 140 85.271
103 201 75.7079
201 103 75.7079
19 2 25.6821
2 19 25.6821
159 199 85.553
199 159 85.553
198 31 56.079
31 198 56.079
177 126 49.3512
126 177 49.3512
125 70 66.1758
70 125 66.1758
189 55 44.7114
55 189 44.7114
102 181 23.7001
181 102 23.7001
138 13 96.92
13 138 96.92
183 142 97.6792
142 183 97.6792
23 95 48.4853
95 23 48.4853
142 114 82.0328
114 142 82.0328
81 107 28.3603
107 81 28.3603
87 121 72.0235
121 87 72.0235
36 133 67.0215
133 36 67.0215
32 152 59.1858
152 32 59.1858
80 130 27.675
130 80 27.675
82 193 79.1358
193 82 79.1358
198 92 45.2627
92 198 45.2627
72 53 74.2231
53 72 74.2231
24 178 29.4433
178 24 29.4433
154 10 42.6251
10 154 42.6251
91 8 86.094
8 91 86.094
175 136 75.4116
136 175 75.4116
1 133 26.1528
133 1 26.1528
10 66 15.9993
66 10 15.9993
103 118 38.3051
118 103 38.3051
0 32 49.4853
32 0 49.4853
48 2 18.3685
2 48 18.3685
1 48 16.9639
48 1 16.9639
89 163 83.9826
163 89 83.9826
49 195 81.6485
195 49 81.6485
62 169 42.4053
169 62 42.4053
39 29 45.3881
29 39 45.3881
42 127 74.7304
127 42 74.7304
153 19 12.0087
19 153 12.0087
72 116 65.0698
116 72 65.0698
147 96 31.4127
96 147 31.4127
129 90 26.7575
90 129 26.7575
111 110 98.0188
110 111 98.0188
170 33 74.4991
33 170 74.4991
164 114 44.7698
114 164 44.7698
173 126 47.5004
126 173 47.5004
115 64 37.884
64 115 37.884
71 182 71.0737
182 71 71.0737
137 146 56.6105
146 137 56.6105
155 191 28.0478
191 155 28.0478
136 17 93.819
17 136 93.819
2 124 70.406
124 2 70.406
168 153 50.9335
153 168 50.9335
7 101 35.5661
101 7 35.5661
70 24 63.7849
24 70 63.7849
10 18 95.651
18 10 95.651
102 36 26.1961
36 102 26.1961
151 14 71.0795
14 151 71.0795
153 94 89.4276
94 153 89.4276
143 47 81.9551
47 143 81.9551
36 94 97.1632
94 36 97.1632
39 54 25.2826
54 39 25.2826
148 163 16.191
163 148 16.191
144 174 47.1519
174 144 47.1519
151 3 85.664
3 151 85.664
12 99 98.9408
99 12 98.9408
111 137 51.8
137 111 51.8
24 151 96.452
151 24 96.452
131 55 91.7503
55 131 91.7503
194 186 44.4545
186 194 44.4545
108 24 60.0888
24 108 60.0888
37 110 81.8466
110 37 81.8466
63 181 21.5952
181 63 21.5952
62 195 26.7078
195 62 26.7078
108 118 12.9478
118 108 12.9478
40 4 29.1975
4 40 29.1975
5 68 15.6634
68 5 15.6634
199 152 62.4941
152 199 62.4941
103 188 99.2749
188 103 99.2749
162 47 33.0915
47 162 33.0915
204 14 29.086
14 204 29.086
72 48 23.9277
48 72 23.9277
97 174 33.8834
174 97 33.8834
19 182 42.7483
182 19 42.7483
4 137 13.3973
137 4 13.3973
165 133 22.7596
133 165 22.7596
7 127 52.271
127 7 52.271
125 189 56.7637
189 125 56.7637
177 167 80.255
167 177 80.255
25 182 61.9447
182 25 61.9447
112 50 99.2265
50 112 99.2265
0 13 16.5304
13 0 16.5304
187 162 59.2949
162 187 59.2949
20 117 60.1557
117 20 60.1557
32 28 69.5633
28 32 69.5633
149 194 27.9708
194 149 27.9708
71 106 18.8863
106 71 18.8863
131 80 68.3497
80 131 68.3497
203 84 79.9663
84 203 79.9663
37 84 44.5133
84 37 44.5133
10 63 55.258
63 10 55.258
134 122 69.5718
122 134 69.5718
175 26 28.4975
26 175 28.4975
204 162 54.5892
162 204 54.5892
24 177 71.1559
177 24 71.1559
11 45 37.1946
45 11 37.1946
168 195 76.0492
195 168 76.0492
106 62 95.1853
62 106 95.1853
50 123 98.2731
123 50 98.2731
0 25 83.1745
25 0 83.1745
111 154 64.0229
154 111 64.0229
99 157 19.0109
157 99 19.0109
196 71 61.8918
71 196 61.8918
1 78 81.8285
78 1 81.8285
119 10 41.1573
10 119 41.1573
168 65 31.869
65 168 31.869
156 111 39.5447
111 156 39.5447
148 143 29.4407
143 148 29.4407
150 44 64.1332
44 150 64.1332
157 159 34.5528
159 157 34.5528
194 130 17.902
130 194 17.902
77 34 85.0384
34 77 85.0384
174 95 20.9097
95 174 20.9097
45 73 19.9649
73 45 19.9649
74 194 52.5594
194 74 52.5594
72 83 74.0982
83 72 74.0982
54 5 41.2526
5 54 41.2526
65 61 74.7593
61 65 74.7593
160 185 25.055
185 160 25.055
74 176 57.7928
176 74 57.7928
142 19 52.4569
19 142 52.4569
204 185 74.7479
185 204 74.7479
112 165 12.8904
165 112 12.8904
152 187 86.8505
187 152 86.8505
83 140 71.5748
140 83 71.5748
203 42 27.2968
42 203 27.2968
32 67 18.2812
67 32 18.2812
7 60 16.1008
60 7 16.1008
69 107 98.4282
107 69 98.4282
67 126 78.0264
126 67 78.0264
104 49 84.3589
49 104 84.3589
37 154 64.4973
154 37 64.4973
32 135 84.2898
135 32 84.2898
158 77 30.1637
77 158 30.1637
153 90 18.8897
90 153 18.8897
61 113 66.0716
113 61 66.0716
42 16 88.4769
16 42 88.4769
153 26 54.3247
26 153 54.3247
170 103 76.5
103 170 76.5
139 118 60.4772
118 139 60.4772
103 175 27.9298
175 103 27.9298
31 155 92.7328
155 31 92.7328
168 137 30.0864
137 168 30.0864
59 100 45.6325
100 59 45.6325
154 113 52.7828
113 154 52.7828
175 65 16.7323
65 175 16.7323
122 184 79.4571
184 122 79.4571
191 71 68.3858
71 191 68.3858
42 158 65.8745
158 42 65.8745
153 95 74.9161
95 153 74.9161
150 6 63.727
6 150 63.727
122 51 49.3439
51 122 49.3439
109 135 84.8109
135 109 84.8109
0 118 86.612
118 0 86.612
13 10 61.8857
10 13 61.8857
40 107 92.4498
107 40 92.4498
169 123 85.7134
123 169 85.7134
6 126 96.5635
126 6 96.5635
120 109 17.4493
109 120 17.4493
187 68 50.9692
68 187 50.9692
63 43 21.3835
43 63 21.3835
98 69 42.6443
69 98 42.6443
199 113 54.8571
113 199 54.8571
81 122 78.2098
122 81 78.2098
30 37 27.3229
37 30 27.3229
122 62 55.6518
62 122 55.6518
113 126 31.5191
126 113 31.5191
46 142 99.4569
142 46 99.4569
138 82 34.8966
82 138 34.8966
94 11 43.6233
11 94 43.6233
96 144 28.1419
144 96 28.1419
156 135 50.3422
135 156 50.3422
130 173 92.7846
173 130 92.7846
194 39 26.8308
39 194 26.8308
69 49 41.1633
49 69 41.1633
116 125 25.6488
125 116 25.6488
88 18 19.8669
18 88 19.8669
83 76 88.9256
76 83 88.9256
194 173 36.7476
173 194 36.7476
203 148 32.5515
148 203 32.5515
196 91 53.038
91 196 53.038
68 76 62.4674
76 68 62.4674
90 79 86.9698
79 90 86.9698
165 0 65.7149
0 165 65.7149
179 40 70.1448
40 179 70.1448
132 92 41.5695
92 132 41.5695
162 39 58.484
39 162 58.484
38 199 30.2357
199 38 30.2357
104 196 44.9075
196 104 44.9075
191 1 99.8314
1 191 99.8314
0 91 76.4975
91 0 76.4975
64 168 51.4085
168 64 51.4085
166 38 51.6276
38 166 51.6276
180 89 65.9372
89 180 65.9372
104 6 65.7333
6 104 65.7333
15 204 31.4023
204 15 31.4023
56 12 60.2094
12 56 60.2094
169 154 68.4386
154 169 68.4386
74 195 70.8124
195 74 70.8124
172 46 36.3583
46 172 36.3583
184 86 28.1021
86 184 28.1021
88 180 21.7668
180 88 21.7668
202 190 94.157
190 202 94.157
43 62 82.2686
62 43 82.2686
197 89 40.9641
89 197 40.9641
120 69 27.103
69 120 27.103
3 203 31.909
203 3 31.909
14 26 19.6621
26 14 19.6621
160 30 48.6546
30 160 48.6546
157 173 54.8952
173 157 54.8952
61 175 47.042
175 61 47.042
180 197 84.8775
197 180 84.8775
174 42 57.5356
42 174 57.5356
154 89 25.2557
89 154 25.2557
124 39 46.9951
39 124 46.9951
83 89 54.7724
89 83 54.7724
37 54 26.6492
54 37 26.6492
129 126 49.6053
126 129 49.6053
3 40 33.9733
40 3 33.9733
189 89 36.1808
89 189 36.1808
98 45 37.4088
45 98 37.4088
11 37 87.3461
37 11 87.3461
154 77 14.9559
77 154 14.9559
38 87 77.9265
87 38 77.9265
12 3 61.6262
3 12 61.6262
176 54 36.9568
54 176 36.9568
63 45 33.6483
45 63 33.6483
45 141 56.7223
141 45 56.7223
165 152 80.5971
152 165 80.5971
14 167 63.6738
167 14 63.6738
88 188 47.7671
188 88 47.7671
48 59 31.307
59 48 31.307
179 151 92.5283
151 179 92.5283
25 22 46.2859
22 25 46.2859
23 17 93.5979
17 23 93.5979
165 35 41.8721
35 165 41.8721
118 28 48.2037
28 118 48.2037
106 101 49.1505
101 106 49.1505
115 167 41.508
167 115 41.508
150 94 10.0103
94 150 10.0103
65 153 64.6293
153 65 64.6293
39 148 87.0471
148 39 87.0471
192 45 64.8665
45 192 64.8665
195 201 83.8564
201 195 83.8564
18 121 52.9497
121 18 52.9497
15 52 11.3863
52 15 11.3863
200 165 29.7069
165 200 29.7069
198 183 52.1626
183 198 52.1626
176 152 19.1372
152 176 19.1372
156 110 81.1064
110 156 81.1064
58 121 27.5479
121 58 27.5479
9 29 51.885
29 9 51.885
102 2 33.8473
2 102 33.8473
57 19 87.5899
19 57 87.5899
114 53 89.6118
53 114 89.6118
54 130 82.2961
130 54 82.2961
17 178 87.9005
178 17 87.9005
100 93 76.2281
93 100 76.2281
42 1 31.2287
1 42 31.2287
34 53 52.0246
53 34 52.0246
23 64 98.8401
64 23 98.8401
4 1 51.718
1 4 51.718
175 110 93.6825
110 175 93.6825
55 195 34.3419
195 55 34.3419
15 90 13.9267
90 15 13.9267
58 151 46.0316
151 58 46.0316
171 45 23.7982
45 171 23.7982
110 83 36.1983
83 110 36.1983
87 134 61.8171
134 87 61.8171
117 79 70.1076
79 117 70.1076
105 60 96.7939
60 105 96.7939
141 46 81.0153
46 141 81.0153
10 156 37.0151
156 10 37.0151
65 133 64.3219
133 65 64.3219
24 91 28.8809
91 24 28.8809
169 89 87.401
89 169 87.401
196 68 29.94
68 196 29.94
177 51 44.3372
51 177 44.3372
94 128 12.1724
128 94 12.1724
146 183 82.6989
183 146 82.6989
2 4 89.7169
4 2 89.7169
163 97 47.4528
97 163 47.4528
35 19 52.2763
19 35 52.2763
73 184 54.5134
184 73 54.5134
131 167 34.5907
167 131 34.5907
138 198 70.2302
198 138 70.2302
159 144 76.4378
144 159 76.4378
87 11 95.158
11 87 95.158
124 190 86.6452
190 124 86.6452
167 69 75.7543
69 167 75.7543
163 145 20.9369
145 163 20.9369
41 12 88.1796
12 41 88.1796
189 20 92.6299
20 189 92.6299
104 24 81.0765
24 104 81.0765
73 167 81.5269
167 73 81.5269
77 170 86.403
170 77 86.403
10 47 30.9678
47 10 30.9678
50 8 94.0494
8 50 94.0494
92 78 20.0805
78 92 20.0805
3 72 94.4274
72 3 94.4274
57 34 11.8872
34 57 11.8872
167 203 84.5707
203 167 84.5707
41 57 57.6068
57 41 57.6068
58 95 67.6264
95 58 67.6264
63 182 60.6198
182 63 60.6198
192 137 12.1824
137 192 12.1824
197 4 24.3862
4 197 24.3862
105 194 80.6665
194 105 80.6665
51 32 42.7434
32 51 42.7434
188 105 59.3579
105 188 59.3579
129 186 77.8582
186 129 77.8582
106 94 89.9726
94 106 89.9726
50 97 96.3062
97 50 96.3062
30 124 84.2432
124 30 84.2432
44 25 45.833
25 44 45.833
168 154 27.4179
154 168 27.4179
130 132 56.15
132 130 56.15
29 156 90.9306
156 29 90.9306
195 95 69.6265
95 195 69.6265
158 78 71.2631
78 158 71.2631
58 81 16.1119
81 58 16.1119
125 95 77.8583
95 125 77.8583
104 95 95.0953
95 104 95.0953
64 28 51.8029
28 64 51.8029
130 2 85.0906
2 130 85.0906
33 98 20.3672
98 33 20.3672
24 192 39.8501
192 24 39.8501
98 118 40.9446
118 98 40.9446
102 11 62.7709
11 102 62.7709
203 150 75.8605
150 203 75.8605
159 120 27.6377
120 159 27.6377
195 34 73.3892
34 195 73.3892
149 158 98.6501
158 149 98.6501
142 43 52.6397
43 142 52.6397
202 56 52.1734
56 202 52.1734
150 188 46.4095
188 150 46.4095
9 13 33.3386
13 9 33.3386
111 157 57.7937
157 111 57.7937
165 154 35.4681
154 165 35.4681
57 10 84.9226
10 57 84.9226
160 199 64.6444
199 160 64.6444
148 199 29.3079
199 148 29.3079
83 184 85.6636
184 83 85.6636
196 61 54.3575
61 196 54.3575
114 20 46.624
20 114 46.624
41 101 86.2265
101 41 86.2265
63 168 18.2733
168 63 18.2733
55 16 69.476
16 55 69.476
0 178 14.0645
178 0 14.0645
147 116 66.4659
116 147 66.4659
79 91 18.0966
91 79 18.0966
131 61 20.3636
61 131 20.3636
200 126 24.6158
126 200 24.6158
42 20 17.6947
20 42 17.6947
161 157 66.0143
157 161 66.0143
35 149 68.1541
149 35 68.1541
68 127 49.2871
127 68 49.2871
88 147 50.5444
147 88 50.5444
135 39 98.9365
39 135 98.9365
150 45 38.3986
45 150 38.3986
153 113 40.5378
113 153 40.5378
66 112 48.9512
112 66 48.9512
38 127 31.0299
127 38 31.0299
117 151 52.3926
151 117 52.3926
15 92 44.0057
92 15 44.0057
182 100 49.1647
100 182 49.1647
25 141 93.7382
141 25 93.7382
57 63 38.3236
63 57 38.3236
184 81 85.6823
81 184 85.6823
121 90 38.5437
90 121 38.5437
53 83 94.2777
83 53 94.2777
59 131 71.5524
131 59 71.5524
91 201 73.1893
201 91 73.1893
105 193 54.2628
193 105 54.2628
49 140 26.1186
140 49 26.1186
76 72 47.9483
72 76 47.9483
7 198 70.5815
198 7 70.5815
195 38 10.0941
38 195 10.0941
64 2 49.2613
2 64 49.2613
125 176 35.6066
176 125 35.6066
115 58 20.0408
58 115 20.0408
27 17 11.7167
17 27 11.7167
51 152 42.2053
152 51 42.2053
172 83 76.4601
83 172 76.4601
131 105 25.9919
105 131 25.9919
65 33 33.5589
33 65 33.5589
88 24 34.8217
24 88 34.8217
116 17 53.1574
17 116 53.1574
121 57 15.1448
57 121 15.1448
88 20 54.4921
20 88 54.4921
133 181 51.296
181 133 51.296
11 90 65.6243
90 11 65.6243
47 129 38.4818
129 47 38.4818
204 153 31.0703
153 204 31.0703
5 186 10.5989
186 5 10.5989
107 23 74.2387
23 107 74.2387
78 77 96.9821
77 78 96.9821
42 182 33.3236
182 42 33.3236
150 144 24.1364
144 150 24.1364
163 36 56.924
36 163 56.924
198 104 46.0934
104 198 46.0934
141 21 15.1833
21 141 15.1833
126 77 88.576
77 126 88.576
186 166 40.9804
166 186 40.9804
74 183 80.8516
183 74 80.8516
201 90 40.8413
90 201 40.8413
30 52 96.3802
52 30 96.3802
82 133 19.3333
133 82 19.3333
159 52 26.5557
52 159 26.5557
125 51 39.2307
51 125 39.2307
86 187 85.9075
187 86 85.9075
183 118 68.5689
118 183 68.5689
16 73 78.2431
73 16 78.2431
160 111 97.295
111 160 97.295
10 155 99.3715
155 10 99.3715
55 87 77.7013
87 55 77.7013
149 110 62.6047
110 149 62.6047
9 202 75.5954
202 9 75.5954
52 26 13.8423
26 52 13.8423
26 44 25.4946
44 26 25.4946
49 13 91.6926
13 49 91.6926
153 47 25.5844
47 153 25.5844
156 115 71.3592
115 156 71.3592
100 3 86.3317
3 100 86.3317
7 26 56.5691
26 7 56.5691
125 182 52.2951
182 125 52.2951
45 86 65.9692
86 45 65.9692
50 140 44.8846
140 50 44.8846
192 142 37.2591
142 192 37.2591
199 35 76.426
35 199 76.426
88 48 17.6203
48 88 17.6203
164 181 89.4709
181 164 89.4709
135 143 42.7588
143 135 42.7588
150 50 91.3247
50 150 91.3247
73 145 76.8704
145 73 76.8704
96 122 73.5865
122 96 73.5865
3 106 86.9623
106 3 86.9623
188 144 65.429
144 188 65.429
178 87 44.1578
87 178 44.1578
114 91 77.5651
91 114 77.5651
40 2 11.0605
2 40 11.0605
32 100 20.7586
100 32 20.7586
1 122 50.3703
122 1 50.3703
62 47 73.8054
47 62 73.8054
155 164 54.4263
164 155 54.4263
52 7 28.8984
7 52 28.8984
3 166 83.4516
166 3 83.4516
159 49 63.4045
49 159 63.4045
74 90 85.2096
90 74 85.2096
80 83 53.9784
83 80 53.9784
22 158 66.8922
158 22 66.8922
145 114 66.5376
114 145 66.5376
164 188 46.3851
188 164 46.3851
54 64 85.5806
64 54 85.5806
15 102 23.4858
102 15 23.4858
144 191 45.3829
191 144 45.3829
71 15 63.2081
15 71 63.2081
135 131 65.0555
131 135 65.0555
156 84 49.187
84 156 49.187
141 82 57.2315
82 141 57.2315
100 98 38.0586
98 100 38.0586
166 19 80.667
19 166 80.667
137 204 42.6543
204 137 42.6543
153 161 45.6572
161 153 45.6572
138 202 11.233
202 138 11.233
69 138 28.0144
138 69 28.0144
132 126 93.5282
126 132 93.5282
127 170 70.7317
170 127 70.7317
97 191 89.4802
191 97 89.4802
97 169 59.5081
169 97 59.5081
121 187 31.0686
187 121 31.0686
49 161 20.6277
161 49 20.6277
46 102 72.5885
102 46 72.5885
158 8 27.7803
8 158 27.7803
182 195 37.2364
195 182 37.2364
160 49 53.0775
49 160 53.0775
202 162 92.7943
162 202 92.7943
6 169 64.8909
169 6 64.8909
124 154 32.5816
154 124 32.5816
156 200 14.0625
200 156 14.0625
183 94 61.8878
94 183 61.8878
120 85 31.2781
85 120 31.2781
65 39 55.2676
39 65 55.2676
166 100 38.562
100 166 38.562
167 156 83.8015
156 167 83.8015
78 127 77.0737
127 78 77.0737
100 114 77.0583
114 100 77.0583
137 118 35.2299
118 137 35.2299
102 50 50.9296
50 102 50.9296
92 56 82.1284
56 92 82.1284
91 74 55.3623
74 91 55.3623
124 20 21.7554
20 124 21.7554
189 95 75.4377
95 189 75.4377
81 125 25.7308
125 81 25.7308
88 192 37.3499
192 88 37.3499
19 82 95.2192
82 19 95.2192
45 51 31.9217
51 45 31.9217
32 160 63.1965
160 32 63.1965
198 37 56.9585
37 198 56.9585
58 47 73.5182
47 58 73.5182
1 89 66.7129
89 1 66.7129
151 126 63.3967
126 151 63.3967
88 22 99.4899
22 88 99.4899
1 148 49.8324
148 1 49.8324
121 104 22.7626
104 121 22.7626
55 70 12.3524
70 55 12.3524
188 109 47.4864
109 188 47.4864
0 12 71.2066
12 0 71.2066
176 78 10.7574
78 176 10.7574
97 168 52.883
168 97 52.883
10 134 12.8225
134 10 12.8225
193 70 59.6297
70 193 59.6297
165 47 50.3845
47 165 50.3845
122 182 95.4897
182 122 95.4897
169 133 65.7127
133 169 65.7127
182 141 49.1511
141 182 49.1511
127 32 77.5664
32 127 77.5664
98 57 56.3217
57 98 56.3217
176 153 74.4868
153 176 74.4868
201 87 10.0831
87 201 10.0831
161 118 32.4455
118 161 32.4455
127 185 39.1522
185 127 39.1522
29 177 38.1998
177 29 38.1998
56 100 79.833
100 56 79.833
128 32 22.6788
32 128 22.6788
91 176 52.4978
176 91 52.4978
155 198 45.6243
198 155 45.6243
158 69 41.0551
69 158 41.0551
105 92 22.4472
92 105 22.4472
11 22 76.6861
22 11 76.6861
187 120 40.9493
120 187 40.9493
150 82 10.163
82 150 10.163
49 174 41.0365
174 49 41.0365
182 139 23.6339
139 182 23.6339
72 197 28.6227
197 72 28.6227
39 197 92.132
197 39 92.132
2 95 78.7114
95 2 78.7114
97 126 61.0704
126 97 61.0704
54 71 58.5723
71 54 58.5723
14 67 85.5607
67 14 85.5607
201 44 64.9275
44 201 64.9275
98 123 56.15
123 98 56.15
170 27 24.4834
27 170 24.4834
201 29 27.333
29 201 27.333
72 150 13.3499
150 72 13.3499
65 38 24.9941
38 65 24.9941
71 204 95.173
204 71 95.173
192 193 29.6606
193 192 29.6606
197 6 37.3834
6 197 37.3834
185 5 39.4065
5 185 39.4065
70 181 99.5458
181 70 99.5458
165 119 91.2385
119 165 91.2385
13 59 26.4117
59 13 26.4117
180 149 25.9039
149 180 25.9039
43 203 18.1315
203 43 18.1315
153 0 31.8131
0 153 31.8131
60 109 63.6951
109 60 63.6951
46 158 44.7506
158 46 44.7506
111 79 13.4786
79 111 13.4786
12 141 88.925
141 12 88.925
104 168 45.0639
168 104 45.0639
21 98 79.7324
98 21 79.7324
19 38 59.3576
38 19 59.3576
122 104 52.476
104 122 52.476
43 86 17.1278
86 43 17.1278
204 151 81.855
151 204 81.855
152 178 25.6001
178 152 25.6001
33 200 31.1499
200 33 31.1499
76 199 36.309
199 76 36.309
2 158 21.8902
158 2 21.8902
