120 1876 84 27
1 0 19.0875
0 1 19.0875
2 0 87.9302
0 2 87.9302
3 0 78.1434
0 3 78.1434
4 1 61.9711
1 4 61.9711
5 2 49.9127
2 5 49.9127
6 4 47.7639
4 6 47.7639
7 2 60.0407
2 7 60.0407
8 7 96.281
7 8 96.281
9 7 22.9347
7 9 22.9347
10 7 84.9099
7 10 84.9099
11 9 56.4687
9 11 56.4687
12 10 14.0197
10 12 14.0197
13 12 68.1652
12 13 68.1652
14 0 59.283
0 14 59.283
15 0 53.3514
0 15 53.3514
16 2 51.8396
2 16 51.8396
17 6 72.7755
6 17 72.7755
18 3 67.2269
3 18 67.2269
19 6 34.321
6 19 34.321
20 17 45.4626
17 20 45.4626
21 19 77.9904
19 21 77.9904
22 2 56.8683
2 22 56.8683
23 10 91.4962
10 23 91.4962
24 1 30.9935
1 24 30.9935
25 4 80.7499
4 25 80.7499
26 1 33.0859
1 26 33.0859
27 5 20.2034
5 27 20.2034
28 11 59.7522
11 28 59.7522
29 11 22.0735
11 29 22.0735
30 10 48.1539
10 30 48.1539
31 29 99.5061
29 31 99.5061
32 9 38.0513
9 32 38.0513
33 16 36.242
16 33 36.242
34 9 20.5958
9 34 20.5958
35 16 27.5487
16 35 27.5487
36 15 60.2605
15 36 60.2605
37 11 18.1368
11 37 18.1368
38 32 43.6323
32 38 43.6323
39 24 71.04
24 39 71.04
40 5 69.9245
5 40 69.9245
41 31 50.8561
31 41 50.8561
42 16 78.5602
16 42 78.5602
43 21 60.8204
21 43 60.8204
44 15 93.0389
15 44 93.0389
45 41 26.5431
41 45 26.5431
46 1 78.8951
1 46 78.8951
47 16 38.6095
16 47 38.6095
48 33 20.9013
33 48 20.9013
49 3 13.1252
3 49 13.1252
50 43 21.1505
43 50 21.1505
51 40 95.7993
40 51 95.7993
52 13 34.4507
13 52 34.4507
53 47 37.5142
47 53 37.5142
54 49 30.2765
49 54 30.2765
55 14 57.3191
14 55 57.3191
56 11 55.2243
11 56 55.2243
57 0 95.1348
0 57 95.1348
58 49 49.6921
49 58 49.6921
59 8 59.9686
8 59 59.9686
60 3 40.7983
3 60 40.7983
61 20 83.242
20 61 83.242
62 44 22.9338
44 62 22.9338
63 54 85.8683
54 63 85.8683
64 8 84.4195
8 64 84.4195
65 54 42.9593
54 65 42.9593
66 2 15.2882
2 66 15.2882
67 21 63.7631
21 67 63.7631
68 21 18.9619
21 68 18.9619
69 68 25.0752
68 69 25.0752
70 14 26.8035
14 70 26.8035
71 41 65.1357
41 71 65.1357
72 20 53.594
20 72 53.594
73 9 54.5812
9 73 54.5812
74 65 89.9078
65 74 89.9078
75 29 26.1962
29 75 26.1962
76 8 48.9583
8 76 48.9583
77 69 63.8734
69 77 63.8734
78 14 88.1913
14 78 88.1913
79 12 12.9276
12 79 12.9276
80 39 13.6586
39 80 13.6586
81 80 21.4776
80 81 21.4776
82 9 38.091
9 82 38.091
83 50 72.1458
50 83 72.1458
84 33 58.2769
33 84 58.2769
85 68 19.7661
68 85 19.7661
86 59 81.2169
59 86 81.2169
87 7 80.004
7 87 80.004
88 4 81.2112
4 88 81.2112
89 48 93.384
48 89 93.384
90 8 57.8393
8 90 57.8393
91 25 39.8038
25 91 39.8038
92 60 21.3489
60 92 21.3489
93 60 49.1785
60 93 49.1785
94 13 64.0196
13 94 64.0196
95 92 51.2164
92 95 51.2164
96 68 55.534
68 96 55.534
97 55 63.2462
55 97 63.2462
98 17 91.6
17 98 91.6
99 28 70.1424
28 99 70.1424
100 40 33.1341
40 100 33.1341
101 97 42.317
97 101 42.317
102 15 94.0642
15 102 94.0642
103 12 64.7776
12 103 64.7776
104 93 38.9448
93 104 38.9448
105 90 69.0453
90 105 69.0453
106 82 57.2595
82 106 57.2595
107 17 84.5109
17 107 84.5109
108 38 23.0378
38 108 23.0378
109 6 63.879
6 109 63.879
110 70 90.3925
70 110 90.3925
111 58 29.6369
58 111 29.6369
112 5 89.1311
5 112 89.1311
113 41 80.7482
41 113 80.7482
114 15 89.0689
15 114 89.0689
115 37 58.0707
37 115 58.0707
116 23 46.9539
23 116 46.9539
117 77 35.5389
77 117 35.5389
118 101 84.5345
101 118 84.5345
119 116 94.6159
116 119 94.6159
103 5 37.411
5 103 37.411
20 118 85.6311
118 20 85.6311
10 92 79.9831
92 10 79.9831
16 13 45.4745
13 16 45.4745
107 80 77.4595
80 107 77.4595
4 87 21.5312
87 4 21.5312
89 80 50.061
80 89 50.061
83 66 27.0541
66 83 27.0541
28 42 81.7761
42 28 81.7761
84 37 65.5467
37 84 65.5467
4 100 97.1427
100 4 97.1427
44 1 32.9097
1 44 32.9097
52 45 17.3503
45 52 17.3503
68 75 44.9489
75 68 44.9489
87 12 54.2589
12 87 54.2589
31 0 90.5625
0 31 90.5625
78 107 55.9057
107 78 55.9057
96 9 83.9364
9 96 83.9364
112 111 20.4517
111 112 20.4517
61 80 71.8937
80 61 71.8937
13 80 26.2714
80 13 26.2714
35 49 96.4728
49 35 96.4728
62 109 87.3686
109 62 87.3686
30 86 94.6117
86 30 94.6117
11 101 98.2643
101 11 98.2643
8 69 21.9457
69 8 21.9457
62 76 84.3601
76 62 84.3601
9 64 45.5333
64 9 45.5333
7 16 30.5026
16 7 30.5026
110 118 40.42
118 110 40.42
34 78 32.5046
78 34 32.5046
60 98 75.8995
98 60 75.8995
66 34 51.2339
34 66 51.2339
118 56 15.7291
56 118 15.7291
14 15 51.3818
15 14 51.3818
108 103 90.4256
103 108 90.4256
16 26 35.0865
26 16 35.0865
24 28 67.7955
28 24 67.7955
8 108 33.0108
108 8 33.0108
60 101 21.6987
101 60 21.6987
77 90 39.6259
90 77 39.6259
16 34 54.0085
34 16 54.0085
16 72 66.9972
72 16 66.9972
63 6 97.8052
6 63 97.8052
58 50 78.358
50 58 78.358
82 51 24.2289
51 82 24.2289
91 44 66.5036
44 91 66.5036
76 18 65.214
18 76 65.214
9 2 73.3887
2 9 73.3887
9 88 95.1608
88 9 95.1608
4 24 42.3488
24 4 42.3488
31 4 42.7244
4 31 42.7244
71 29 25.9034
29 71 25.9034
6 75 12.5499
75 6 12.5499
111 17 12.2585
17 111 12.2585
44 81 58.8588
81 44 58.8588
54 1 30.2804
1 54 30.2804
89 62 16.5185
62 89 16.5185
4 33 97.8566
33 4 97.8566
55 41 20.6764
41 55 20.6764
104 82 95.186
82 104 95.186
94 66 37.2982
66 94 37.2982
116 111 23.3062
111 116 23.3062
57 115 82.1476
115 57 82.1476
102 83 45.4571
83 102 45.4571
102 108 12.6085
108 102 12.6085
48 88 19.5819
88 48 19.5819
68 71 32.5252
71 68 32.5252
36 9 51.3706
9 36 51.3706
61 55 57.4157
55 61 57.4157
112 96 73.751
96 112 73.751
117 110 21.4715
110 117 21.4715
5 100 41.4408
100 5 41.4408
3 52 26.9579
52 3 26.9579
77 82 57.1096
82 77 57.1096
10 19 98.394
19 10 98.394
58 19 74.3699
19 58 74.3699
16 110 87.7518
110 16 87.7518
23 35 66.9106
35 23 66.9106
58 10 10.8454
10 58 10.8454
114 60 30.5644
60 114 30.5644
102 18 52.4112
18 102 52.4112
15 24 64.3544
24 15 64.3544
29 84 53.0801
84 29 53.0801
3 57 73.3622
57 3 73.3622
42 40 93.0424
40 42 93.0424
34 103 41.1286
103 34 41.1286
20 41 88.3043
41 20 88.3043
107 29 53.047
29 107 53.047
80 92 61.887
92 80 61.887
13 34 83.7545
34 13 83.7545
3 33 89.9097
33 3 89.9097
92 56 71.7085
56 92 71.7085
41 99 71.5829
99 41 71.5829
34 115 54.2818
115 34 54.2818
96 52 82.2611
52 96 82.2611
114 102 86.9852
102 114 86.9852
94 17 83.1906
17 94 83.1906
51 67 67.1317
67 51 67.1317
103 84 76.9118
84 103 76.9118
53 78 76.6971
78 53 76.6971
86 26 78.2183
26 86 78.2183
31 94 56.1032
94 31 56.1032
48 84 63.0235
84 48 63.0235
81 14 29.2741
14 81 29.2741
44 0 24.8166
0 44 24.8166
71 112 25.4709
112 71 25.4709
39 106 83.7644
106 39 83.7644
35 40 47.3593
40 35 47.3593
14 46 73.6926
46 14 73.6926
26 78 65.2107
78 26 65.2107
3 17 85.7834
17 3 85.7834
87 51 24.9358
51 87 24.9358
110 82 11.1068
82 110 11.1068
21 116 10.476
116 21 10.476
6 8 12.5233
8 6 12.5233
15 85 54.4015
85 15 54.4015
113 49 19.2228
49 113 19.2228
78 50 40.8866
50 78 40.8866
53 105 68.3762
105 53 68.3762
32 90 19.6001
90 32 19.6001
69 1 27.2901
1 69 27.2901
51 111 18.3667
111 51 18.3667
71 76 16.8954
76 71 16.8954
104 78 49.503
78 104 49.503
18 110 59.0708
110 18 59.0708
63 98 10.2347
98 63 10.2347
42 108 53.766
108 42 53.766
18 109 41.3204
109 18 41.3204
58 13 85.9959
13 58 85.9959
85 115 88.138
115 85 88.138
33 8 34.6764
8 33 34.6764
31 10 54.598
10 31 54.598
52 57 27.5575
57 52 27.5575
43 106 65.9963
106 43 65.9963
89 54 75.191
54 89 75.191
90 92 88.096
92 90 88.096
66 40 35.5115
40 66 35.5115
98 43 46.7657
43 98 46.7657
8 46 60.5129
46 8 60.5129
90 3 88.9946
3 90 88.9946
57 114 37.4924
114 57 37.4924
58 53 97.9407
53 58 97.9407
72 114 26.6069
114 72 26.6069
98 32 39.136
32 98 39.136
111 91 91.1805
91 111 91.1805
72 24 24.9193
24 72 24.9193
20 50 92.881
50 20 92.881
63 78 84.981
78 63 84.981
77 79 49.9729
79 77 49.9729
109 0 29.597
0 109 29.597
99 39 20.6272
39 99 20.6272
64 56 35.9883
56 64 35.9883
89 38 11.7846
38 89 11.7846
30 104 73.6035
104 30 73.6035
62 101 13.1832
101 62 13.1832
49 104 98.9439
104 49 98.9439
29 106 20.4
106 29 20.4
83 118 20.1674
118 83 20.1674
0 74 50.0113
74 0 50.0113
105 67 53.5591
67 105 53.5591
17 75 48.8361
75 17 48.8361
28 98 90.315
98 28 90.315
72 19 57.4762
19 72 57.4762
92 111 42.76
111 92 42.76
112 74 38.7065
74 112 38.7065
48 50 49.4857
50 48 49.4857
63 99 87.2243
99 63 87.2243
88 111 92.2401
111 88 92.2401
81 87 80.8074
87 81 80.8074
0 36 12.9692
36 0 12.9692
66 62 41.0101
62 66 41.0101
69 30 83.5389
30 69 83.5389
79 21 40.6106
21 79 40.6106
103 22 15.8481
22 103 15.8481
92 32 98.169
32 92 98.169
104 14 46.1362
14 104 46.1362
17 95 69.7356
95 17 69.7356
22 76 24.7824
76 22 24.7824
71 16 43.7504
16 71 43.7504
73 10 45.5808
10 73 45.5808
62 28 63.2969
28 62 63.2969
71 98 80.6421
98 71 80.6421
60 33 46.7525
33 60 46.7525
5 82 65.9641
82 5 65.9641
35 12 17.1175
12 35 17.1175
99 114 38.2198
114 99 38.2198
113 54 15.814
54 113 15.814
94 114 62.4994
114 94 62.4994
107 53 95.1614
53 107 95.1614
20 67 83.0549
67 20 83.0549
52 9 35.7711
9 52 35.7711
115 119 12.3433
119 115 12.3433
6 40 28.3044
40 6 28.3044
61 90 13.2631
90 61 13.2631
16 58 90.0896
58 16 90.0896
114 71 18.8329
71 114 18.8329
69 24 94.0774
24 69 94.0774
38 13 75.866
13 38 75.866
28 38 97.4785
38 28 97.4785
42 39 74.7374
39 42 74.7374
112 70 83.3613
70 112 83.3613
112 58 84.5946
58 112 84.5946
85 103 43.1754
103 85 43.1754
76 2 64.009
2 76 64.009
90 18 16.9611
18 90 16.9611
56 111 50.9754
111 56 50.9754
6 101 99.9312
101 6 99.9312
90 24 94.7381
24 90 94.7381
15 69 56.57
69 15 56.57
36 118 49.0435
118 36 49.0435
34 39 40.3319
39 34 40.3319
90 71 59.7974
71 90 59.7974
70 59 80.4263
59 70 80.4263
25 84 53.9547
84 25 53.9547
88 65 27.2059
65 88 27.2059
58 20 65.4765
20 58 65.4765
9 13 85.8552
13 9 85.8552
66 63 90.9093
63 66 90.9093
27 105 68.3799
105 27 68.3799
116 26 27.3371
26 116 27.3371
23 38 18.7192
38 23 18.7192
54 88 80.6557
88 54 80.6557
92 35 48.8556
35 92 48.8556
46 22 94.4056
22 46 94.4056
98 72 77.6298
72 98 77.6298
107 70 34.3885
70 107 34.3885
22 38 73.4663
38 22 73.4663
41 67 76.8883
67 41 76.8883
90 67 30.6517
67 90 30.6517
85 4 21.1979
4 85 21.1979
12 58 55.6908
58 12 55.6908
23 114 93.5588
114 23 93.5588
66 93 16.7438
93 66 16.7438
71 91 89.1031
91 71 89.1031
43 12 31.1253
12 43 31.1253
40 28 12.5557
28 40 12.5557
45 0 41.0518
0 45 41.0518
65 93 98.9609
93 65 98.9609
119 96 42.0763
96 119 42.0763
105 31 97.4011
31 105 97.4011
45 38 67.0113
38 45 67.0113
77 21 14.4031
21 77 14.4031
99 72 94.9306
72 99 94.9306
97 67 79.1288
67 97 79.1288
19 119 70.0991
119 19 70.0991
25 102 34.8895
102 25 34.8895
52 42 33.6815
42 52 33.6815
48 32 48.4317
32 48 48.4317
66 49 81.8482
49 66 81.8482
5 62 92.4651
62 5 92.4651
15 47 41.1913
47 15 41.1913
73 66 52.3062
66 73 52.3062
78 13 82.0256
13 78 82.0256
4 105 75.9482
105 4 75.9482
19 59 23.2302
59 19 23.2302
42 83 61.4689
83 42 61.4689
114 53 92.895
53 114 92.895
63 96 71.5857
96 63 71.5857
24 100 11.0844
100 24 11.0844
79 118 20.738
118 79 20.738
118 75 46.8203
75 118 46.8203
100 86 81.101
86 100 81.101
111 84 89.4895
84 111 89.4895
38 92 66.55
92 38 66.55
73 64 13.3308
64 73 13.3308
77 73 70.5526
73 77 70.5526
82 31 88.8109
31 82 88.8109
69 76 43.7987
76 69 43.7987
3 118 64.2086
118 3 64.2086
94 111 11.3935
111 94 11.3935
98 57 79.5196
57 98 79.5196
7 89 44.9362
89 7 44.9362
41 18 46.8735
18 41 46.8735
46 15 51.9172
15 46 51.9172
43 1 51.2986
1 43 51.2986
106 13 92.3625
13 106 92.3625
5 94 27.7111
94 5 27.7111
46 60 54.2741
60 46 54.2741
36 119 15.4976
119 36 15.4976
74 102 82.832
102 74 82.832
50 8 57.0378
8 50 57.0378
54 101 31.4734
101 54 31.4734
38 42 77.2544
42 38 77.2544
65 68 10.7322
68 65 10.7322
74 15 16.7857
15 74 16.7857
60 5 92.9007
5 60 92.9007
6 30 87.5464
30 6 87.5464
85 20 74.9469
20 85 74.9469
15 63 31.3215
63 15 31.3215
66 88 50.2229
88 66 50.2229
84 91 88.4338
91 84 88.4338
21 55 15.4539
55 21 15.4539
49 28 71.2524
28 49 71.2524
44 89 67.8134
89 44 67.8134
99 56 58.4012
56 99 58.4012
113 39 64.1749
39 113 64.1749
111 15 15.7012
15 111 15.7012
78 61 72.4646
61 78 72.4646
81 69 59.6231
69 81 59.6231
90 21 65.4485
21 90 65.4485
32 72 18.6957
72 32 18.6957
81 108 71.5991
108 81 71.5991
53 91 50.9354
91 53 50.9354
35 42 53.1632
42 35 53.1632
60 47 27.2842
47 60 27.2842
93 49 65.2689
49 93 65.2689
19 80 17.3137
80 19 17.3137
53 9 49.5233
9 53 49.5233
66 45 64.871
45 66 64.871
7 113 47.1012
113 7 47.1012
21 8 75.5142
8 21 75.5142
99 1 73.4279
1 99 73.4279
1 73 32.665
73 1 32.665
26 41 55.0056
41 26 55.0056
28 66 30.402
66 28 30.402
66 22 20.7306
22 66 20.7306
81 28 33.2528
28 81 33.2528
45 79 89.493
79 45 89.493
11 26 62.3004
26 11 62.3004
29 56 75.2327
56 29 75.2327
84 58 49.8367
58 84 49.8367
10 118 20.1387
118 10 20.1387
85 12 40.6942
12 85 40.6942
18 4 79.2841
4 18 79.2841
4 114 66.8292
114 4 66.8292
100 51 79.9317
51 100 79.9317
66 109 26.5098
109 66 26.5098
18 87 72.8925
87 18 72.8925
45 118 99.6614
118 45 99.6614
34 3 73.5704
3 34 73.5704
15 16 66.7823
16 15 66.7823
81 119 26.9519
119 81 26.9519
117 30 85.1032
30 117 85.1032
76 113 11.0425
113 76 11.0425
14 105 52.1779
105 14 52.1779
116 97 36.1642
97 116 36.1642
115 104 64.972
104 115 64.972
84 54 32.047
54 84 32.047
37 68 87.7715
68 37 87.7715
65 86 36.4873
86 65 36.4873
93 36 90.8859
36 93 90.8859
81 30 88.2859
30 81 88.2859
25 34 71.0208
34 25 71.0208
31 88 59.7964
88 31 59.7964
99 82 82.906
82 99 82.906
87 24 79.0869
24 87 79.0869
62 41 52.8004
41 62 52.8004
77 88 60.4483
88 77 60.4483
47 51 13.536
51 47 13.536
116 84 19.6038
84 116 19.6038
29 55 51.7142
55 29 51.7142
96 86 30.7825
86 96 30.7825
17 54 23.5305
54 17 23.5305
117 26 74.4202
26 117 74.4202
30 61 86.586
61 30 86.586
94 32 29.2841
32 94 29.2841
35 73 31.5045
73 35 31.5045
110 29 68.9423
29 110 68.9423
11 98 28.7824
98 11 28.7824
95 98 28.0557
98 95 28.0557
114 69 85.9774
69 114 85.9774
97 46 94.5154
46 97 94.5154
88 49 98.8428
49 88 98.8428
72 79 13.7206
79 72 13.7206
37 116 89.7869
116 37 89.7869
91 79 15.367
79 91 15.367
24 91 58.695
91 24 58.695
43 82 99.372
82 43 99.372
51 63 87.8371
63 51 87.8371
84 45 25.897
45 84 25.897
31 69 62.7744
69 31 62.7744
27 80 15.4261
80 27 15.4261
32 56 99.3642
56 32 99.3642
86 78 77.4046
78 86 77.4046
119 87 72.3919
87 119 72.3919
93 30 82.7069
30 93 82.7069
106 112 78.7797
112 106 78.7797
83 30 38.2251
30 83 38.2251
0 51 25.1011
51 0 25.1011
93 46 30.4068
46 93 30.4068
94 118 56.3406
118 94 56.3406
12 66 73.168
66 12 73.168
0 4 57.844
4 0 57.844
100 68 11.5274
68 100 11.5274
78 25 97.0027
25 78 97.0027
50 24 51.8565
24 50 51.8565
54 34 58.7522
34 54 58.7522
82 60 78.8159
60 82 78.8159
39 4 32.3491
4 39 32.3491
19 31 20.6592
31 19 20.6592
9 21 19.7241
21 9 19.7241
84 22 42.8382
22 84 42.8382
63 47 67.1707
47 63 67.1707
65 114 78.3099
114 65 78.3099
52 12 78.8264
12 52 78.8264
27 61 81.0106
61 27 81.0106
14 8 91.1485
8 14 91.1485
118 116 94.3149
116 118 94.3149
67 43 21.9724
43 67 21.9724
63 85 98.3049
85 63 98.3049
96 93 95.6283
93 96 95.6283
113 69 68.4238
69 113 68.4238
19 114 81.1604
114 19 81.1604
65 40 13.0881
40 65 13.0881
37 50 50.9951
50 37 50.9951
73 6 48.5932
6 73 48.5932
51 88 79.9929
88 51 79.9929
29 36 67.5237
36 29 67.5237
95 86 92.75
86 95 92.75
40 93 90.6951
93 40 90.6951
74 103 20.2584
103 74 20.2584
19 86 98.7234
86 19 98.7234
26 14 23.4123
14 26 23.4123
83 89 76.6053
89 83 76.6053
111 52 11.7014
52 111 11.7014
13 33 15.0633
33 13 15.0633
52 1 48.6982
1 52 48.6982
46 36 18.848
36 46 18.848
0 39 23.0089
39 0 23.0089
104 87 74.6654
87 104 74.6654
43 77 59.2843
77 43 59.2843
66 76 13.3828
76 66 13.3828
21 38 97.2441
38 21 97.2441
105 86 68.7366
86 105 68.7366
21 93 83.8298
93 21 83.8298
77 13 63.8791
13 77 63.8791
47 114 30.9129
114 47 30.9129
79 49 25.0098
49 79 25.0098
66 15 15.0705
15 66 15.0705
41 94 40.8851
94 41 40.8851
9 79 65.9492
79 9 65.9492
87 115 84.7063
115 87 84.7063
39 81 69.5599
81 39 69.5599
93 44 72.7062
44 93 72.7062
19 118 49.0517
118 19 49.0517
97 47 41.0151
47 97 41.0151
119 67 18.7992
67 119 18.7992
53 61 69.5982
61 53 69.5982
105 117 38.7553
117 105 38.7553
8 86 82.4725
86 8 82.4725
95 65 38.7462
65 95 38.7462
69 72 17.5999
72 69 17.5999
61 103 94.7554
103 61 94.7554
18 92 58.5911
92 18 58.5911
109 47 70.87
47 109 70.87
19 36 96.7059
36 19 96.7059
20 65 57.6447
65 20 57.6447
14 71 36.6177
71 14 36.6177
19 109 61.5406
109 19 61.5406
66 92 84.558
92 66 84.558
45 31 87.0895
31 45 87.0895
14 113 76.0731
113 14 76.0731
17 38 46.3673
38 17 46.3673
4 97 21.2899
97 4 21.2899
114 36 54.869
36 114 54.869
41 117 31.99
117 41 31.99
72 23 75.3599
23 72 75.3599
73 119 41.3398
119 73 41.3398
44 50 17.3911
50 44 17.3911
23 48 28.0336
48 23 28.0336
85 96 44.2297
96 85 44.2297
37 88 67.0962
88 37 67.0962
101 12 45.0391
12 101 45.0391
21 36 12.2585
36 21 12.2585
119 99 79.6356
99 119 79.6356
83 19 93.2506
19 83 93.2506
100 76 51.8366
76 100 51.8366
88 36 16.3453
36 88 16.3453
117 72 75.0179
72 117 75.0179
75 11 94.6471
11 75 94.6471
68 22 29.0639
22 68 29.0639
79 116 53.2579
116 79 53.2579
4 12 84.8071
12 4 84.8071
18 118 40.4849
118 18 40.4849
62 75 49.4247
75 62 49.4247
85 84 31.3262
84 85 31.3262
10 91 72.6836
91 10 72.6836
5 43 26.1018
43 5 26.1018
86 50 71.8959
50 86 71.8959
89 59 74.9616
59 89 74.9616
66 77 10.3778
77 66 10.3778
26 34 59.5141
34 26 59.5141
77 4 20.189
4 77 20.189
63 80 43.5687
80 63 43.5687
53 115 16.8079
115 53 16.8079
79 83 97.1753
83 79 97.1753
2 118 34.5143
118 2 34.5143
42 94 51.2474
94 42 51.2474
79 98 63.0493
98 79 63.0493
10 64 14.1389
64 10 14.1389
3 61 13.3999
61 3 13.3999
109 80 65.8176
80 109 65.8176
9 1 59.6431
1 9 59.6431
53 69 39.6567
69 53 39.6567
21 0 85.2252
0 21 85.2252
0 37 74.6578
37 0 74.6578
106 77 21.2145
77 106 21.2145
74 88 66.5682
88 74 66.5682
104 119 41.6146
119 104 41.6146
68 38 52.6213
38 68 52.6213
67 78 19.5279
78 67 19.5279
61 21 26.9856
21 61 26.9856
102 40 48.1006
40 102 48.1006
85 59 27.1466
59 85 27.1466
37 7 28.4027
7 37 28.4027
48 75 20.0783
75 48 20.0783
77 9 41.909
9 77 41.909
112 47 23.4868
47 112 23.4868
94 76 48.8621
76 94 48.8621
117 101 62.3659
101 117 62.3659
83 38 16.1676
38 83 16.1676
4 76 57.9096
76 4 57.9096
95 49 23.5745
49 95 23.5745
118 70 14.5197
70 118 14.5197
36 79 86.2007
79 36 86.2007
118 13 15.7589
13 118 15.7589
16 104 55.9732
104 16 55.9732
12 19 95.7608
19 12 95.7608
73 103 47.5709
103 73 47.5709
112 22 64.5548
22 112 64.5548
15 116 57.9312
116 15 57.9312
91 76 37.3913
76 91 37.3913
15 56 55.082
56 15 55.082
78 3 61.5892
3 78 61.5892
31 90 28.8253
90 31 28.8253
11 103 80.6192
103 11 80.6192
95 109 97.9544
109 95 97.9544
76 42 39.4979
42 76 39.4979
19 28 32.1784
28 19 32.1784
57 25 93.1563
25 57 93.1563
119 65 55.5145
65 119 55.5145
87 103 29.0717
103 87 29.0717
67 37 49.1173
37 67 49.1173
103 54 57.8664
54 103 57.8664
39 92 25.5504
92 39 25.5504
67 38 95.1257
38 67 95.1257
84 11 66.131
11 84 66.131
35 33 49.7971
33 35 49.7971
119 48 71.9679
48 119 71.9679
114 48 15.3727
48 114 15.3727
111 11 53.6205
11 111 53.6205
90 95 70.5554
95 90 70.5554
113 112 26.0211
112 113 26.0211
36 90 28.4115
90 36 28.4115
58 70 46.3338
70 58 46.3338
45 58 32.9993
58 45 32.9993
108 117 92.0007
117 108 92.0007
12 99 86.6699
99 12 86.6699
86 73 80.0612
73 86 80.0612
39 119 74.8599
119 39 74.8599
81 18 77.2932
18 81 77.2932
97 73 60.3543
73 97 60.3543
3 7 71.2126
7 3 71.2126
106 99 85.0431
99 106 85.0431
29 73 71.5563
73 29 71.5563
103 117 79.4208
117 103 79.4208
66 74 89.4627
74 66 89.4627
68 93 93.2106
93 68 93.2106
19 23 12.3243
23 19 12.3243
68 5 20.1214
5 68 20.1214
75 0 38.481
0 75 38.481
111 55 74.0202
55 111 74.0202
17 113 37.3056
113 17 37.3056
107 102 78.0713
102 107 78.0713
62 82 38.5063
82 62 38.5063
24 34 29.181
34 24 29.181
80 23 34.9277
23 80 34.9277
86 12 84.0785
12 86 84.0785
70 20 81.283
20 70 81.283
114 115 53.7094
115 114 53.7094
48 110 19.8896
110 48 19.8896
116 64 66.312
64 116 66.312
104 43 69.0171
43 104 69.0171
57 50 87.8073
50 57 87.8073
74 93 24.5953
93 74 24.5953
65 72 98.2808
72 65 98.2808
100 36 32.5255
36 100 32.5255
6 28 42.4322
28 6 42.4322
3 47 36.4768
47 3 36.4768
68 45 30.7447
45 68 30.7447
98 5 99.6935
5 98 99.6935
94 16 49.4827
16 94 49.4827
77 20 83.7264
20 77 83.7264
95 72 50.4
72 95 50.4
8 94 79.235
94 8 79.235
54 6 95.2812
6 54 95.2812
51 18 34.6833
18 51 34.6833
26 10 13.189
10 26 13.189
44 14 60.1816
14 44 60.1816
98 88 22.1834
88 98 22.1834
93 113 72.9471
113 93 72.9471
54 78 42.1586
78 54 42.1586
55 62 55.1699
62 55 55.1699
31 27 53.0285
27 31 53.0285
24 23 21.8022
23 24 21.8022
13 18 76.1188
18 13 76.1188
16 24 89.7257
24 16 89.7257
28 18 20.5788
18 28 20.5788
90 115 22.7831
115 90 22.7831
11 21 63.6513
21 11 63.6513
70 4 68.1322
4 70 68.1322
23 30 22.5854
30 23 22.5854
85 14 41.7022
14 85 41.7022
98 24 58.6806
24 98 58.6806
79 64 56.3907
64 79 56.3907
12 18 97.3053
18 12 97.3053
26 109 36.8959
109 26 36.8959
61 13 95.0048
13 61 95.0048
58 115 76.4802
115 58 76.4802
79 90 58.2491
90 79 58.2491
86 55 39.0534
55 86 39.0534
48 46 30.5266
46 48 30.5266
113 29 90.6627
29 113 90.6627
26 64 37.4097
64 26 37.4097
65 106 22.8949
106 65 22.8949
118 53 52.7893
53 118 52.7893
51 25 54.4878
25 51 54.4878
83 113 85.2273
113 83 85.2273
38 110 31.6928
110 38 31.6928
36 113 19.1625
113 36 19.1625
13 76 67.2701
76 13 67.2701
107 81 71.1912
81 107 71.1912
89 47 84.9852
47 89 84.9852
54 48 49.2886
48 54 49.2886
67 60 94.8706
60 67 94.8706
116 58 82.8689
58 116 82.8689
43 17 38.3576
17 43 38.3576
86 5 57.3465
5 86 57.3465
102 41 14.1906
41 102 14.1906
33 79 24.1344
79 33 24.1344
5 33 95.8179
33 5 95.8179
51 93 15.2937
93 51 15.2937
89 1 97.118
1 89 97.118
116 12 12.9127
12 116 12.9127
22 88 35.3653
88 22 35.3653
104 52 36.5852
52 104 36.5852
94 27 23.6603
27 94 23.6603
98 105 48.4505
105 98 48.4505
48 42 59.5614
42 48 59.5614
76 59 30.7328
59 76 30.7328
101 113 84.8084
113 101 84.8084
64 46 82.4599
46 64 82.4599
79 11 87.2473
11 79 87.2473
106 78 38.149
78 106 38.149
112 116 19.9052
116 112 19.9052
95 38 67.6983
38 95 67.6983
26 6 90.0034
6 26 90.0034
35 104 70.5956
104 35 70.5956
114 39 93.7009
39 114 93.7009
19 40 54.1983
40 19 54.1983
46 56 54.8582
56 46 54.8582
22 1 48.9761
1 22 48.9761
38 58 18.8048
58 38 18.8048
111 23 63.0774
23 111 63.0774
65 84 49.2095
84 65 49.2095
6 38 60.9159
38 6 60.9159
29 32 67.4103
32 29 67.4103
9 3 88.0396
3 9 88.0396
26 33 74.5793
33 26 74.5793
24 51 48.6678
51 24 48.6678
50 73 30.3682
73 50 30.3682
34 53 78.895
53 34 78.895
115 52 31.2939
52 115 31.2939
77 48 54.3352
48 77 54.3352
69 94 10.9864
94 69 10.9864
30 22 27.031
22 30 27.031
60 1 22.4594
1 60 22.4594
52 10 65.0808
10 52 65.0808
10 20 55.2693
20 10 55.2693
36 66 57.5364
66 36 57.5364
90 44 96.484
44 90 96.484
95 25 96.37
25 95 96.37
57 54 73.1506
54 57 73.1506
100 69 86.0479
69 100 86.0479
23 18 48.377
18 23 48.377
68 8 34.6938
8 68 34.6938
0 65 44.0394
65 0 44.0394
43 68 50.207
68 43 50.207
104 110 44.611
110 104 44.611
12 27 75.9209
27 12 75.9209
11 82 34.7928
82 11 34.7928
67 14 37.5279
14 67 37.5279
61 46 20.5836
46 61 20.5836
86 77 53.4354
77 86 53.4354
27 18 40.8199
18 27 40.8199
74 110 53.8837
110 74 53.8837
75 106 85.5782
106 75 85.5782
54 36 18.6725
36 54 18.6725
13 95 68.1975
95 13 68.1975
1 56 98.1393
56 1 98.1393
8 38 69.9454
38 8 69.9454
85 75 77.9176
75 85 77.9176
70 7 86.801
7 70 86.801
71 73 51.8706
73 71 51.8706
85 107 32.6826
107 85 32.6826
76 82 36.8997
82 76 36.8997
87 61 38.6116
61 87 38.6116
101 73 38.7524
73 101 38.7524
77 84 98.9442
84 77 98.9442
46 52 68.9013
52 46 68.9013
116 94 59.3408
94 116 59.3408
28 64 89.6384
64 28 89.6384
38 119 86.7712
119 38 86.7712
114 97 80.6726
97 114 80.6726
60 80 88.9685
80 60 88.9685
28 94 47.8967
94 28 47.8967
59 0 44.5953
0 59 44.5953
86 53 67.7961
53 86 67.7961
112 54 50.0409
54 112 50.0409
119 52 47.8275
52 119 47.8275
59 15 73.6182
15 59 73.6182
63 39 64.9056
39 63 64.9056
13 90 79.2958
90 13 79.2958
54 2 91.9391
2 54 91.9391
18 104 43.425
104 18 43.425
59 119 75.7443
119 59 75.7443
115 11 71.2565
11 115 71.2565
117 39 94.7499
39 117 94.7499
2 85 76.5077
85 2 76.5077
5 97 49.0671
97 5 49.0671
17 41 25.5843
41 17 25.5843
23 110 61.0339
110 23 61.0339
17 14 97.7187
14 17 97.7187
93 114 88.4973
114 93 88.4973
110 11 10.4426
11 110 10.4426
15 3 13.3472
3 15 13.3472
41 93 56.3574
93 41 56.3574
49 0 43.3705
0 49 43.3705
92 19 89.1229
19 92 89.1229
107 98 62.5519
98 107 62.5519
107 38 85.3009
38 107 85.3009
73 2 12.5238
2 73 12.5238
24 78 20.5964
78 24 20.5964
44 105 75.6624
105 44 75.6624
85 35 76.5179
35 85 76.5179
65 47 21.8649
47 65 21.8649
82 67 48.9416
67 82 48.9416
105 56 42.5931
56 105 42.5931
113 84 39.0071
84 113 39.0071
63 61 17.1463
61 63 17.1463
0 117 55.8417
117 0 55.8417
11 94 12.8672
94 11 12.8672
26 119 51.6225
119 26 51.6225
26 69 58.4935
69 26 58.4935
63 9 39.0263
9 63 39.0263
81 63 57.0856
63 81 57.0856
62 115 63.1928
115 62 63.1928
76 117 78.0869
117 76 78.0869
70 99 79.2978
99 70 79.2978
13 26 15.5599
26 13 15.5599
24 119 15.6622
119 24 15.6622
73 54 76.5273
54 73 76.5273
65 62 94.8637
62 65 94.8637
25 44 48.7673
44 25 48.7673
17 74 62.2893
74 17 62.2893
100 39 23.6493
39 100 23.6493
94 43 45.988
43 94 45.988
13 50 47.026
50 13 47.026
31 75 14.7526
75 31 14.7526
33 19 85.3123
19 33 85.3123
99 9 78.2054
9 99 78.2054
95 5 86.6689
5 95 86.6689
67 74 22.2073
74 67 22.2073
83 13 52.5455
13 83 52.5455
58 114 78.513
114 58 78.513
3 115 20.1602
115 3 20.1602
69 80 46.4167
80 69 46.4167
118 44 81.5893
44 118 81.5893
23 25 90.2231
25 23 90.2231
5 115 44.1841
115 5 44.1841
117 66 49.4435
66 117 49.4435
90 1 71.9304
1 90 71.9304
46 55 90.9304
55 46 90.9304
102 88 57.8983
88 102 57.8983
104 1 51.1366
1 104 51.1366
97 79 23.7667
79 97 23.7667
100 35 94.0422
35 100 94.0422
24 59 18.434
59 24 18.434
88 96 93.5414
96 88 93.5414
32 8 18.262
8 32 18.262
53 65 41.6426
65 53 41.6426
34 97 83.5571
97 34 83.5571
117 3 24.9349
3 117 24.9349
64 15 88.187
15 64 88.187
87 54 67.1214
54 87 67.1214
23 5 73.9255
5 23 73.9255
100 38 89.2664
38 100 89.2664
90 78 52.5295
78 90 52.5295
41 50 71.8945
50 41 71.8945
1 107 17.3195
107 1 17.3195
42 111 63.1975
111 42 63.1975
17 99 19.8035
99 17 19.8035
88 116 14.5555
116 88 14.5555
98 103 71.7381
103 98 71.7381
118 89 31.2697
89 118 31.2697
119 66 55.2927
66 119 55.2927
80 42 39.8533
42 80 39.8533
15 103 90.0711
103 15 90.0711
58 34 61.9241
34 58 61.9241
92 21 47.034
21 92 47.034
105 7 81.8995
7 105 81.8995
98 102 48.6944
102 98 48.6944
29 46 40.8847
46 29 40.8847
46 27 35.9929
27 46 35.9929
78 1 18.208
1 78 18.208
117 70 63.6523
70 117 63.6523
90 73 12.1447
73 90 12.1447
28 71 65.0745
71 28 65.0745
85 7 95.2732
7 85 95.2732
63 21 41.3394
21 63 41.3394
91 117 42.3854
117 91 42.3854
56 108 70.7332
108 56 70.7332
45 62 34.8549
62 45 34.8549
117 52 42.0955
52 117 42.0955
93 35 22.3102
35 93 22.3102
62 11 61.6278
11 62 61.6278
31 20 80.3428
20 31 80.3428
13 15 76.807
15 13 76.807
