324 4922 193 150
1 0 61.743
0 1 61.743
2 0 79.8871
0 2 79.8871
3 2 92.7334
2 3 92.7334
4 0 22.1512
0 4 22.1512
5 2 20.4282
2 5 20.4282
6 2 81.5076
2 6 81.5076
7 0 79.3727
0 7 79.3727
8 6 97.7677
6 8 97.7677
9 0 42.3442
0 9 42.3442
10 8 38.4789
8 10 38.4789
11 1 63.8319
1 11 63.8319
12 0 80.829
0 12 80.829
13 4 91.4921
4 13 91.4921
14 1 11.1261
1 14 11.1261
15 10 99.5454
10 15 99.5454
16 5 25.1711
5 16 25.1711
17 13 74.848
13 17 74.848
18 2 37.5163
2 18 37.5163
19 2 74.2533
2 19 74.2533
20 7 98.2506
7 20 98.2506
21 7 88.749
7 21 88.749
22 13 45.6526
13 22 45.6526
23 20 58.7446
20 23 58.7446
24 9 97.5581
9 24 97.5581
25 10 35.1737
10 25 35.1737
26 4 86.6898
4 26 86.6898
27 11 51.4411
11 27 51.4411
28 15 76.5596
15 28 76.5596
29 14 86.7127
14 29 86.7127
30 8 20.1848
8 30 20.1848
31 21 90.8785
21 31 90.8785
32 19 58.1373
19 32 58.1373
33 15 97.5815
15 33 97.5815
34 5 13.2191
5 34 13.2191
35 10 19.0364
10 35 19.0364
36 22 57.4171
22 36 57.4171
37 18 64.73
18 37 64.73
38 28 17.0857
28 38 17.0857
39 24 15.922
24 39 15.922
40 12 21.0515
12 40 21.0515
41 35 25.7116
35 41 25.7116
42 6 44.9181
6 42 44.9181
43 0 70.236
0 43 70.236
44 41 18.2215
41 44 18.2215
45 12 50.1581
12 45 50.1581
46 17 28.2837
17 46 28.2837
47 44 50.2419
44 47 50.2419
48 45 36.4333
45 48 36.4333
49 16 72.7907
16 49 72.7907
50 42 30.6091
42 50 30.6091
51 11 42.689
11 51 42.689
52 35 31.8224
35 52 31.8224
53 40 80.5123
40 53 80.5123
54 30 17.163
30 54 17.163
55 23 43.0623
23 55 43.0623
56 21 56.3996
21 56 56.3996
57 24 10.8468
24 57 10.8468
58 53 63.0631
53 58 63.0631
59 33 74.2881
33 59 74.2881
60 25 36.7594
25 60 36.7594
61 41 63.6034
41 61 63.6034
62 31 57.9793
31 62 57.9793
63 23 66.3666
23 63 66.3666
64 21 37.1428
21 64 37.1428
65 36 62.0913
36 65 62.0913
66 37 26.499
37 66 26.499
67 12 32.3173
12 67 32.3173
68 14 20.0521
14 68 20.0521
69 5 59.0033
5 69 59.0033
70 56 94.0595
56 70 94.0595
71 65 96.72
65 71 96.72
72 18 50.6088
18 72 50.6088
73 13 16.9836
13 73 16.9836
74 7 32.0109
7 74 32.0109
75 54 80.9854
54 75 80.9854
76 1 34.8947
1 76 34.8947
77 40 14.0258
40 77 14.0258
78 61 18.6946
61 78 18.6946
79 57 63.78
57 79 63.78
80 62 52.9087
62 80 52.9087
81 71 10.5017
71 81 10.5017
82 51 74.5858
51 82 74.5858
83 14 59.9532
14 83 59.9532
84 62 12.8824
62 84 12.8824
85 5 65.9166
5 85 65.9166
86 78 25.0156
78 86 25.0156
87 3 47.8213
3 87 47.8213
88 61 69.524
61 88 69.524
89 6 55.0037
6 89 55.0037
90 38 83.9896
38 90 83.9896
91 20 20.2783
20 91 20.2783
92 60 10.4096
60 92 10.4096
93 51 14.2815
51 93 14.2815
94 51 60.5467
51 94 60.5467
95 67 38.1892
67 95 38.1892
96 62 40.6882
62 96 40.6882
97 3 61.2831
3 97 61.2831
98 40 25.9583
40 98 25.9583
99 62 36.4943
62 99 36.4943
100 32 80.7937
32 100 80.7937
101 24 29.0891
24 101 29.0891
102 47 58.5595
47 102 58.5595
103 83 21.5408
83 103 21.5408
104 91 81.062
91 104 81.062
105 69 84.1356
69 105 84.1356
106 74 11.7223
74 106 11.7223
107 94 77.6026
94 107 77.6026
108 36 53.0816
36 108 53.0816
109 89 28.2756
89 109 28.2756
110 102 29.2931
102 110 29.2931
111 22 27.235
22 111 27.235
112 96 96.6045
96 112 96.6045
113 51 29.3955
51 113 29.3955
114 98 86.5155
98 114 86.5155
115 0 14.0745
0 115 14.0745
116 20 94.1684
20 116 94.1684
117 4 70.288
4 117 70.288
118 71 90.9427
71 118 90.9427
119 67 13.5021
67 119 13.5021
120 118 52.57
118 120 52.57
121 79 63.8889
79 121 63.8889
122 39 88.7892
39 122 88.7892
123 62 71.5988
62 123 71.5988
124 97 50.328
97 124 50.328
125 73 83.4414
73 125 83.4414
126 98 47.5816
98 126 47.5816
127 54 79.61
54 127 79.61
128 52 49.0677
52 128 49.0677
129 20 71.302
20 129 71.302
130 17 10.8567
17 130 10.8567
131 75 20.6316
75 131 20.6316
132 74 61.248
74 132 61.248
133 52 14.7702
52 133 14.7702
134 1 77.5522
1 134 77.5522
135 92 15.9288
92 135 15.9288
136 113 54.9461
113 136 54.9461
137 79 98.9745
79 137 98.9745
138 7 10.2305
7 138 10.2305
139 111 69.184
111 139 69.184
140 124 48.159
124 140 48.159
141 98 30.0284
98 141 30.0284
142 36 74.4677
36 142 74.4677
143 10 57.2236
10 143 57.2236
144 23 29.91
23 144 29.91
145 104 77.1006
104 145 77.1006
146 144 21.3659
144 146 21.3659
147 70 65.496
70 147 65.496
148 67 24.2249
67 148 24.2249
149 82 75.864
82 149 75.864
150 7 15.2713
7 150 15.2713
151 94 44.5904
94 151 44.5904
152 14 22.6267
14 152 22.6267
153 139 95.7552
139 153 95.7552
154 86 14.0602
86 154 14.0602
155 147 50.4839
147 155 50.4839
156 126 56.1228
126 156 56.1228
157 123 82.3884
123 157 82.3884
158 147 13.9527
147 158 13.9527
159 122 62.3634
122 159 62.3634
160 106 77.1695
106 160 77.1695
161 110 44.9384
110 161 44.9384
162 33 93.7838
33 162 93.7838
163 128 43.0211
128 163 43.0211
164 81 72.0878
81 164 72.0878
165 8 16.4101
8 165 16.4101
166 144 97.9141
144 166 97.9141
167 144 29.2956
144 167 29.2956
168 39 44.0343
39 168 44.0343
169 10 20.2825
10 169 20.2825
170 142 76.2902
142 170 76.2902
171 32 10.8322
32 171 10.8322
172 28 56.2668
28 172 56.2668
173 36 15.1948
36 173 15.1948
174 139 62.0905
139 174 62.0905
175 25 28.7183
25 175 28.7183
176 138 26.4061
138 176 26.4061
177 85 53.3599
85 177 53.3599
178 14 42.7102
14 178 42.7102
179 169 80.1331
169 179 80.1331
180 172 68.7364
172 180 68.7364
181 36 27.2486
36 181 27.2486
182 36 39.9983
36 182 39.9983
183 140 40.2443
140 183 40.2443
184 79 95.3356
79 184 95.3356
185 52 36.0421
52 185 36.0421
186 124 57.7175
124 186 57.7175
187 9 25.1419
9 187 25.1419
188 17 51.1718
17 188 51.1718
189 73 89.9212
73 189 89.9212
190 38 19.6814
38 190 19.6814
191 149 99.9354
149 191 99.9354
192 54 83.3347
54 192 83.3347
193 135 33.5021
135 193 33.5021
194 47 62.4721
47 194 62.4721
195 134 45.55
134 195 45.55
196 76 67.9963
76 196 67.9963
197 177 75.3747
177 197 75.3747
198 191 12.8207
191 198 12.8207
199 30 69.3308
30 199 69.3308
200 65 92.3241
65 200 92.3241
201 166 90.7112
166 201 90.7112
202 42 31.7938
42 202 31.7938
203 88 65.3178
88 203 65.3178
204 52 29.35
52 204 29.35
205 121 43.3377
121 205 43.3377
206 202 54.6682
202 206 54.6682
207 92 97.8503
92 207 97.8503
208 58 35.7286
58 208 35.7286
209 183 47.092
183 209 47.092
210 40 59.6624
40 210 59.6624
211 1 92.4765
1 211 92.4765
212 89 54.8789
89 212 54.8789
213 128 10.603
128 213 10.603
214 81 83.0657
81 214 83.0657
215 195 47.7314
195 215 47.7314
216 60 41.0298
60 216 41.0298
217 102 99.3564
102 217 99.3564
218 25 75.4899
25 218 75.4899
219 160 41.6498
160 219 41.6498
220 133 84.4994
133 220 84.4994
221 24 75.3896
24 221 75.3896
222 51 82.8525
51 222 82.8525
223 15 14.0387
15 223 14.0387
224 100 98.3124
100 224 98.3124
225 40 25.2755
40 225 25.2755
226 188 87.547
188 226 87.547
227 47 86.3688
47 227 86.3688
228 77 19.7527
77 228 19.7527
229 212 41.0801
212 229 41.0801
230 131 80.2091
131 230 80.2091
231 149 25.9366
149 231 25.9366
232 127 52.7523
127 232 52.7523
233 131 29.6632
131 233 29.6632
234 91 42.9693
91 234 42.9693
235 198 59.5395
198 235 59.5395
236 215 12.7394
215 236 12.7394
237 204 33.4504
204 237 33.4504
238 212 37.0166
212 238 37.0166
239 154 68.3609
154 239 68.3609
240 77 15.1069
77 240 15.1069
241 156 83.8087
156 241 83.8087
242 216 42.7108
216 242 42.7108
243 96 18.028
96 243 18.028
244 121 93.9597
121 244 93.9597
245 171 73.7322
171 245 73.7322
246 146 70.0832
146 246 70.0832
247 104 81.6282
104 247 81.6282
248 10 35.3945
10 248 35.3945
249 231 88.7706
231 249 88.7706
250 28 97.3312
28 250 97.3312
251 129 60.8344
129 251 60.8344
252 135 22.8696
135 252 22.8696
253 188 25.5587
188 253 25.5587
254 94 91.2096
94 254 91.2096
255 57 12.8069
57 255 12.8069
256 118 22.6919
118 256 22.6919
257 218 39.5581
218 257 39.5581
258 57 33.451
57 258 33.451
259 111 43.586
111 259 43.586
260 76 93.2531
76 260 93.2531
261 80 30.2816
80 261 30.2816
262 169 45.0454
169 262 45.0454
263 240 49.9217
240 263 49.9217
264 181 67.3621
181 264 67.3621
265 121 28.3619
121 265 28.3619
266 175 96.6772
175 266 96.6772
267 171 37.0447
171 267 37.0447
268 239 44.704
239 268 44.704
269 65 45.1368
65 269 45.1368
270 116 16.8867
116 270 16.8867
271 122 67.8874
122 271 67.8874
272 256 79.3261
256 272 79.3261
273 208 34.1325
208 273 34.1325
274 214 93.728
214 274 93.728
275 137 48.7875
137 275 48.7875
276 128 90.0303
128 276 90.0303
277 65 33.7064
65 277 33.7064
278 154 10.9768
154 278 10.9768
279 51 67.6565
51 279 67.6565
280 89 86.3217
89 280 86.3217
281 57 28.174
57 281 28.174
282 233 31.5704
233 282 31.5704
283 174 32.7965
174 283 32.7965
284 201 86.5205
201 284 86.5205
285 223 83.903
223 285 83.903
286 230 26.0641
230 286 26.0641
287 267 72.4084
267 287 72.4084
288 87 48.7035
87 288 48.7035
289 167 40.9306
167 289 40.9306
290 209 68.5417
209 290 68.5417
291 146 79.4613
146 291 79.4613
292 230 40.9934
230 292 40.9934
293 137 53.5206
137 293 53.5206
294 35 15.9989
35 294 15.9989
295 264 18.1479
264 295 18.1479
296 114 62.7173
114 296 62.7173
297 296 91.4451
296 297 91.4451
298 16 46.6452
16 298 46.6452
299 159 28.5953
159 299 28.5953
300 132 83.6076
132 300 83.6076
301 185 79.0387
185 301 79.0387
302 142 15.3736
142 302 15.3736
303 150 21.0231
150 303 21.0231
304 222 51.1607
222 304 51.1607
305 79 55.9258
79 305 55.9258
306 290 16.1738
290 306 16.1738
307 46 24.316
46 307 24.316
308 56 83.0144
56 308 83.0144
309 96 66.5991
96 309 66.5991
310 81 63.47
81 310 63.47
311 25 38.2982
25 311 38.2982
312 67 62.4046
67 312 62.4046
313 101 51.9047
101 313 51.9047
314 168 75.5196
168 314 75.5196
315 159 80.5234
159 315 80.5234
316 57 48.1418
57 316 48.1418
317 72 24.1555
72 317 24.1555
318 297 41.4131
297 318 41.4131
319 22 38.7499
22 319 38.7499
320 118 72.9746
118 320 72.9746
321 107 62.1483
107 321 62.1483
322 271 84.8317
271 322 84.8317
323 178 36.0398
178 323 36.0398
185 288 54.4126
288 185 54.4126
76 33 62.6763
33 76 62.6763
160 136 62.8694
136 160 62.8694
29 118 44.9049
118 29 44.9049
213 84 46.682
84 213 46.682
254 309 16.1422
309 254 16.1422
287 136 76.9942
136 287 76.9942
0 149 64.2495
149 0 64.2495
38 306 38.7528
306 38 38.7528
147 282 83.8872
282 147 83.8872
267 137 72.7102
137 267 72.7102
150 274 64.0569
274 150 64.0569
72 103 91.9134
103 72 91.9134
198 46 73.291
46 198 73.291
134 189 76.2421
189 134 76.2421
183 40 51.5227
40 183 51.5227
185 48 31.6486
48 185 31.6486
256 237 57.3565
237 256 57.3565
24 155 54.9679
155 24 54.9679
237 219 87.3885
219 237 87.3885
247 314 50.0115
314 247 50.0115
228 52 17.7512
52 228 17.7512
181 75 85.2836
75 181 85.2836
240 127 87.8929
127 240 87.8929
253 52 77.8439
52 253 77.8439
181 317 78.9269
317 181 78.9269
106 256 14.7321
256 106 14.7321
81 182 46.5263
182 81 46.5263
31 170 29.4865
170 31 29.4865
176 76 35.41
76 176 35.41
28 30 70.3131
30 28 70.3131
280 189 54.5531
189 280 54.5531
122 238 42.72
238 122 42.72
178 191 78.0439
191 178 78.0439
33 30 30.5786
30 33 30.5786
109 319 71.8466
319 109 71.8466
127 298 93.9923
298 127 93.9923
218 227 37.3133
227 218 37.3133
31 108 30.9894
108 31 30.9894
300 192 72.9828
192 300 72.9828
240 194 78.7049
194 240 78.7049
295 134 79.7394
134 295 79.7394
14 80 65.3773
80 14 65.3773
303 9 82.9508
9 303 82.9508
187 60 17.6765
60 187 17.6765
24 320 82.9457
320 24 82.9457
162 94 53.2546
94 162 53.2546
202 108 25.9696
108 202 25.9696
185 250 27.8317
250 185 27.8317
180 64 12.3155
64 180 12.3155
316 250 40.0826
250 316 40.0826
16 317 91.4925
317 16 91.4925
140 170 70.3167
170 140 70.3167
89 292 11.1395
292 89 11.1395
29 1 72.0458
1 29 72.0458
65 110 94.2705
110 65 94.2705
185 273 67.3749
273 185 67.3749
322 161 26.6501
161 322 26.6501
183 189 67.8224
189 183 67.8224
167 22 39.4772
22 167 39.4772
259 16 17.1021
16 259 17.1021
252 187 23.5464
187 252 23.5464
101 289 69.4239
289 101 69.4239
130 300 65.4739
300 130 65.4739
225 286 90.3577
286 225 90.3577
112 311 60.5658
311 112 60.5658
232 183 26.0362
183 232 26.0362
121 212 17.3444
212 121 17.3444
8 322 33.2744
322 8 33.2744
58 194 58.0588
194 58 58.0588
319 241 87.7164
241 319 87.7164
210 271 32.8519
271 210 32.8519
0 210 36.9305
210 0 36.9305
12 276 79.2784
276 12 79.2784
37 205 89.8619
205 37 89.8619
58 82 21.8396
82 58 21.8396
267 208 35.4002
208 267 35.4002
94 100 81.7609
100 94 81.7609
304 59 18.9506
59 304 18.9506
66 53 58.7365
53 66 58.7365
286 1 30.7817
1 286 30.7817
28 80 31.0347
80 28 31.0347
145 152 70.773
152 145 70.773
59 246 19.3301
246 59 19.3301
182 64 13.9058
64 182 13.9058
71 163 70.407
163 71 70.407
266 49 81.391
49 266 81.391
295 262 11.311
262 295 11.311
154 255 46.1485
255 154 46.1485
223 315 54.8064
315 223 54.8064
307 56 93.1687
56 307 93.1687
206 26 97.2883
26 206 97.2883
6 289 80.1676
289 6 80.1676
23 156 56.9278
156 23 56.9278
321 130 83.4321
130 321 83.4321
80 137 15.4846
137 80 15.4846
84 149 80.2655
149 84 80.2655
272 83 72.8335
83 272 72.8335
285 160 86.3047
160 285 86.3047
199 13 64.0259
13 199 64.0259
231 146 42.8256
146 231 42.8256
151 53 87.7481
53 151 87.7481
248 33 92.207
33 248 92.207
34 20 52.3878
20 34 52.3878
236 127 54.7755
127 236 54.7755
142 179 52.6869
179 142 52.6869
12 50 36.4315
50 12 36.4315
202 305 57.824
305 202 57.824
191 166 63.3091
166 191 63.3091
243 286 64.8602
286 243 64.8602
103 29 41.412
29 103 41.412
54 25 36.5984
25 54 36.5984
61 42 50.7247
42 61 50.7247
139 258 13.0012
258 139 13.0012
11 76 58.967
76 11 58.967
67 40 61.3268
40 67 61.3268
172 210 74.2149
210 172 74.2149
221 106 84.5149
106 221 84.5149
305 46 49.0711
46 305 49.0711
149 301 97.8512
301 149 97.8512
249 200 60.0892
200 249 60.0892
98 162 73.2315
162 98 73.2315
37 170 30.9823
170 37 30.9823
113 194 51.2326
194 113 51.2326
29 159 17.9609
159 29 17.9609
89 284 44.8626
284 89 44.8626
224 260 62.3961
260 224 62.3961
38 143 91.6181
143 38 91.6181
258 190 84.2979
190 258 84.2979
222 193 95.9319
193 222 95.9319
138 259 31.2909
259 138 31.2909
60 257 77.2089
257 60 77.2089
74 226 80.8414
226 74 80.8414
21 149 85.2447
149 21 85.2447
65 69 14.9532
69 65 14.9532
248 173 50.6031
173 248 50.6031
220 66 83.1125
66 220 83.1125
153 200 40.7236
200 153 40.7236
314 278 26.4353
278 314 26.4353
247 311 75.6408
311 247 75.6408
177 319 71.9477
319 177 71.9477
101 126 38.6897
126 101 38.6897
191 311 94.4183
311 191 94.4183
195 147 80.2234
147 195 80.2234
29 38 46.5377
38 29 46.5377
239 316 10.499
316 239 10.499
271 145 35.4924
145 271 35.4924
177 132 79.7575
132 177 79.7575
221 154 72.0495
154 221 72.0495
20 207 88.864
207 20 88.864
107 316 95.8597
316 107 95.8597
250 149 62.231
149 250 62.231
58 149 30.8365
149 58 30.8365
153 242 16.29
242 153 16.29
157 297 13.4859
297 157 13.4859
50 247 42.7864
247 50 42.7864
284 235 82.7015
235 284 82.7015
288 160 28.8941
160 288 28.8941
34 170 71.6342
170 34 71.6342
20 275 36.9575
275 20 36.9575
172 242 29.7176
242 172 29.7176
60 59 60.6855
59 60 60.6855
19 257 34.2968
257 19 34.2968
188 95 42.5378
95 188 42.5378
286 232 13.5792
232 286 13.5792
311 277 12.2844
277 311 12.2844
247 63 66.214
63 247 66.214
312 147 44.4504
147 312 44.4504
160 59 55.2921
59 160 55.2921
25 240 51.8029
240 25 51.8029
30 229 51.1645
229 30 51.1645
209 188 91.4825
188 209 91.4825
205 88 43.7469
88 205 43.7469
321 113 38.3259
113 321 38.3259
3 99 63.5902
99 3 63.5902
97 212 64.9861
212 97 64.9861
179 294 76.0388
294 179 76.0388
69 34 56.703
34 69 56.703
302 5 22.7684
5 302 22.7684
177 304 28.7212
304 177 28.7212
97 219 51.0919
219 97 51.0919
240 295 38.9637
295 240 38.9637
34 197 74.7956
197 34 74.7956
4 213 42.5743
213 4 42.5743
98 227 25.3431
227 98 25.3431
136 305 75.5447
305 136 75.5447
246 112 84.7267
112 246 84.7267
303 26 69.6146
26 303 69.6146
181 5 44.1293
5 181 44.1293
241 21 14.3632
21 241 14.3632
111 297 12.9097
297 111 12.9097
100 30 17.0006
30 100 17.0006
264 195 89.2566
195 264 89.2566
22 233 96.7836
233 22 96.7836
281 131 20.1877
131 281 20.1877
202 135 83.8888
135 202 83.8888
321 23 28.9749
23 321 28.9749
149 20 16.3013
20 149 16.3013
292 228 73.385
228 292 73.385
182 227 27.1882
227 182 27.1882
215 174 88.2292
174 215 88.2292
155 75 84.1596
75 155 84.1596
139 60 75.9782
60 139 75.9782
185 86 83.318
86 185 83.318
143 58 48.9267
58 143 48.9267
152 59 77.4146
59 152 77.4146
40 301 66.3567
301 40 66.3567
28 130 77.923
130 28 77.923
274 204 97.7756
204 274 97.7756
107 126 62.3244
126 107 62.3244
170 199 86.0922
199 170 86.0922
15 150 63.9546
150 15 63.9546
87 292 76.1796
292 87 76.1796
215 55 89.4481
55 215 89.4481
1 285 57.0433
285 1 57.0433
10 204 51.1339
204 10 51.1339
5 115 52.6939
115 5 52.6939
38 97 87.2653
97 38 87.2653
143 272 41.0012
272 143 41.0012
48 39 86.5898
39 48 86.5898
298 153 15.2388
153 298 15.2388
44 2 59.6732
2 44 59.6732
164 106 57.9893
106 164 57.9893
13 2 82.4737
2 13 82.4737
176 92 74.737
92 176 74.737
159 109 91.4772
109 159 91.4772
231 39 42.1836
39 231 42.1836
154 266 40.5387
266 154 40.5387
309 88 41.3115
88 309 41.3115
300 218 14.2314
218 300 14.2314
130 184 32.4667
184 130 32.4667
25 213 38.2257
213 25 38.2257
75 15 17.1665
15 75 17.1665
208 196 29.8221
196 208 29.8221
258 73 70.1079
73 258 70.1079
146 19 61.9004
19 146 61.9004
306 291 60.8262
291 306 60.8262
40 242 29.3823
242 40 29.3823
184 241 75.1142
241 184 75.1142
257 202 93.8492
202 257 93.8492
157 22 68.6259
22 157 68.6259
107 90 44.5156
90 107 44.5156
11 68 21.4171
68 11 21.4171
251 48 15.4442
48 251 15.4442
190 68 25.5562
68 190 25.5562
103 107 77.4583
107 103 77.4583
234 176 64.2255
176 234 64.2255
170 245 37.4633
245 170 37.4633
234 300 71.0736
300 234 71.0736
2 105 28.7512
105 2 28.7512
170 134 34.6307
134 170 34.6307
73 220 22.645
220 73 22.645
84 69 33.6402
69 84 33.6402
13 106 94.9284
106 13 94.9284
182 233 30.5486
233 182 30.5486
60 43 11.1563
43 60 11.1563
132 251 67.7744
251 132 67.7744
192 317 68.04
317 192 68.04
140 189 39.5374
189 140 39.5374
132 128 13.4233
128 132 13.4233
262 42 18.3214
42 262 18.3214
239 300 11.3024
300 239 11.3024
137 51 65.4564
51 137 65.4564
294 126 99.0436
126 294 99.0436
229 263 69.7584
263 229 69.7584
101 212 49.6189
212 101 49.6189
230 14 27.3085
14 230 27.3085
154 249 72.7993
249 154 72.7993
215 306 49.3776
306 215 49.3776
91 206 61.1365
206 91 61.1365
110 127 75.8432
127 110 75.8432
52 310 51.0489
310 52 51.0489
202 273 41.5524
273 202 41.5524
79 265 92.4871
265 79 92.4871
60 221 90.6363
221 60 90.6363
227 8 22.4131
8 227 22.4131
265 296 40.2198
296 265 40.2198
189 78 73.1496
78 189 73.1496
245 264 90.2899
264 245 90.2899
261 35 20.1734
35 261 20.1734
310 66 22.547
66 310 22.547
111 141 58.458
141 111 58.458
268 238 66.5618
238 268 66.5618
53 123 19.2551
123 53 19.2551
73 126 69.901
126 73 69.901
207 228 91.5635
228 207 91.5635
160 184 16.239
184 160 16.239
320 94 51.0565
94 320 51.0565
3 148 62.3719
148 3 62.3719
176 178 48.7952
178 176 48.7952
130 114 85.6549
114 130 85.6549
293 229 24.3493
229 293 24.3493
252 44 53.7982
44 252 53.7982
55 34 42.3128
34 55 42.3128
103 256 17.2154
256 103 17.2154
239 252 17.8052
252 239 17.8052
259 257 11.3141
257 259 11.3141
234 166 54.7385
166 234 54.7385
144 29 76.8589
29 144 76.8589
253 283 47.3127
283 253 47.3127
55 129 73.9592
129 55 73.9592
24 158 88.7338
158 24 88.7338
137 13 72.74
13 137 72.74
314 143 56.2215
143 314 56.2215
220 269 24.9667
269 220 24.9667
88 262 49.6435
262 88 49.6435
196 52 74.1913
52 196 74.1913
283 178 19.1895
178 283 19.1895
204 247 34.9746
247 204 34.9746
53 109 11.9512
109 53 11.9512
320 190 23.3404
190 320 23.3404
133 255 37.7977
255 133 37.7977
66 85 35.0023
85 66 35.0023
173 293 99.859
293 173 99.859
154 96 72.3155
96 154 72.3155
180 178 11.6893
178 180 11.6893
166 97 78.5025
97 166 78.5025
82 268 67.0186
268 82 67.0186
294 251 85.607
251 294 85.607
308 54 79.3141
54 308 79.3141
315 126 43.3269
126 315 43.3269
127 150 42.9411
150 127 42.9411
146 262 92.2882
262 146 92.2882
295 282 54.4271
282 295 54.4271
24 183 66.6281
183 24 66.6281
45 93 65.2428
93 45 65.2428
25 202 68.6416
202 25 68.6416
85 255 91.3421
255 85 91.3421
235 298 16.2281
298 235 16.2281
52 136 16.2505
136 52 16.2505
38 20 88.0157
20 38 88.0157
203 10 15.1383
10 203 15.1383
290 234 67.3175
234 290 67.3175
168 167 80.8037
167 168 80.8037
162 222 88.9926
222 162 88.9926
288 188 21.6063
188 288 21.6063
65 109 89.1822
109 65 89.1822
8 314 54.3737
314 8 54.3737
197 173 23.1762
173 197 23.1762
107 165 15.7541
165 107 15.7541
49 169 58.9083
169 49 58.9083
57 77 21.3104
77 57 21.3104
209 80 60.6887
80 209 60.6887
127 6 22.1771
6 127 22.1771
133 206 18.7011
206 133 18.7011
317 249 17.9319
249 317 17.9319
235 119 81.2156
119 235 81.2156
242 254 92.2186
254 242 92.2186
89 101 81.0866
101 89 81.0866
274 309 66.1589
309 274 66.1589
97 283 54.1014
283 97 54.1014
201 272 25.9543
272 201 25.9543
135 128 20.7479
128 135 20.7479
227 129 56.7596
129 227 56.7596
42 263 42.3981
263 42 42.3981
89 119 66.1299
119 89 66.1299
132 179 36.5758
179 132 36.5758
160 223 41.6929
223 160 41.6929
286 223 40.0589
223 286 40.0589
270 204 58.8389
204 270 58.8389
30 318 40.1134
318 30 40.1134
288 38 62.7916
38 288 62.7916
46 12 83.7586
12 46 83.7586
135 66 28.9431
66 135 28.9431
109 297 37.798
297 109 37.798
165 283 23.1318
283 165 23.1318
152 66 66.405
66 152 66.405
51 108 96.3464
108 51 96.3464
41 255 46.1988
255 41 46.1988
156 121 68.2018
121 156 68.2018
83 132 67.5371
132 83 67.5371
69 91 82.656
91 69 82.656
289 95 11.1478
95 289 11.1478
250 26 42.2794
26 250 42.2794
270 149 64.4467
149 270 64.4467
91 151 11.6075
151 91 11.6075
188 232 10.4186
232 188 10.4186
169 263 98.7729
263 169 98.7729
41 32 77.6263
32 41 77.6263
134 124 17.7408
124 134 17.7408
160 314 73.1534
314 160 73.1534
58 9 45.4792
9 58 45.4792
112 161 87.3596
161 112 87.3596
66 318 19.9825
318 66 19.9825
140 207 23.0947
207 140 23.0947
10 147 51.3794
147 10 51.3794
156 24 27.289
24 156 27.289
89 220 27.3134
220 89 27.3134
264 5 43.608
5 264 43.608
9 72 63.2009
72 9 63.2009
93 16 61.3218
16 93 61.3218
155 285 16.9741
285 155 16.9741
14 149 49.8016
149 14 49.8016
122 125 27.048
125 122 27.048
215 188 64.8075
188 215 64.8075
103 208 28.144
208 103 28.144
211 122 38.0668
122 211 38.0668
257 18 92.0322
18 257 92.0322
117 43 71.8797
43 117 71.8797
317 289 98.006
289 317 98.006
191 116 69.4983
116 191 69.4983
227 71 57.9159
71 227 57.9159
244 120 25.2026
120 244 25.2026
260 206 55.5932
206 260 55.5932
92 320 61.4536
320 92 61.4536
199 274 79.8138
274 199 79.8138
48 290 71.8748
290 48 71.8748
280 220 65.5078
220 280 65.5078
153 30 13.9563
30 153 13.9563
215 160 68.6781
160 215 68.6781
52 210 17.2127
210 52 17.2127
143 242 35.0665
242 143 35.0665
56 76 32.793
76 56 32.793
141 276 93.3133
276 141 93.3133
127 121 31.6077
121 127 31.6077
164 145 34.2214
145 164 34.2214
193 289 73.3297
289 193 73.3297
308 28 82.9321
28 308 82.9321
4 244 36.054
244 4 36.054
61 128 73.1528
128 61 73.1528
250 238 81.0156
238 250 81.0156
147 99 85.706
99 147 85.706
171 3 51.2577
3 171 51.2577
239 176 87.9552
176 239 87.9552
87 151 41.2403
151 87 41.2403
212 115 72.4252
115 212 72.4252
193 8 88.5617
8 193 88.5617
259 96 86.4574
96 259 86.4574
253 287 48.886
287 253 48.886
279 243 39.1166
243 279 39.1166
153 188 79.8785
188 153 79.8785
132 130 61.5647
130 132 61.5647
303 298 40.983
298 303 40.983
309 172 62.1287
172 309 62.1287
87 231 41.9971
231 87 41.9971
282 130 38.8433
130 282 38.8433
318 191 97.0649
191 318 97.0649
4 192 53.3591
192 4 53.3591
10 74 16.6583
74 10 16.6583
185 161 95.3208
161 185 95.3208
30 64 80.4733
64 30 80.4733
107 12 55.0728
12 107 55.0728
323 114 81.3622
114 323 81.3622
59 2 50.4586
2 59 50.4586
115 233 25.5056
233 115 25.5056
247 169 85.6465
169 247 85.6465
75 240 76.7959
240 75 76.7959
155 260 11.8221
260 155 11.8221
81 317 40.4272
317 81 40.4272
153 302 20.7287
302 153 20.7287
177 181 73.2085
181 177 73.2085
288 273 36.3951
273 288 36.3951
130 128 29.0594
128 130 29.0594
245 38 61.7022
38 245 61.7022
118 221 76.9563
221 118 76.9563
91 123 29.8619
123 91 29.8619
158 120 72.7339
120 158 72.7339
209 169 81.0181
169 209 81.0181
208 109 58.8178
109 208 58.8178
109 171 97.0001
171 109 97.0001
126 76 93.3125
76 126 93.3125
98 77 24.8136
77 98 24.8136
200 201 26.9762
201 200 26.9762
299 289 96.2399
289 299 96.2399
306 321 90.4769
321 306 90.4769
61 291 78.9937
291 61 78.9937
287 56 11.235
56 287 11.235
231 189 30.0411
189 231 30.0411
6 278 50.8328
278 6 50.8328
114 178 98.451
178 114 98.451
250 289 21.7463
289 250 21.7463
279 212 20.484
212 279 20.484
63 170 21.9403
170 63 21.9403
164 46 45.7295
46 164 45.7295
139 69 36.8142
69 139 36.8142
224 291 87.7973
291 224 87.7973
152 274 79.1767
274 152 79.1767
235 114 87.5498
114 235 87.5498
220 79 35.8437
79 220 35.8437
234 38 96.4148
38 234 96.4148
225 204 83.1136
204 225 83.1136
222 27 12.6969
27 222 12.6969
107 35 74.8056
35 107 74.8056
305 182 99.5913
182 305 99.5913
62 162 40.1693
162 62 40.1693
56 294 37.6258
294 56 37.6258
124 321 68.746
321 124 68.746
29 104 78.5866
104 29 78.5866
270 221 78.516
221 270 78.516
195 286 16.1122
286 195 16.1122
250 239 26.0738
239 250 26.0738
154 276 27.6291
276 154 27.6291
147 164 77.7893
164 147 77.7893
274 281 35.6853
281 274 35.6853
217 55 26.0868
55 217 26.0868
150 227 30.6125
227 150 30.6125
165 133 84.937
133 165 84.937
159 114 72.6216
114 159 72.6216
113 63 90.5333
63 113 90.5333
43 54 40.6623
54 43 40.6623
31 45 23.0544
45 31 23.0544
230 57 17.0897
57 230 17.0897
270 185 97.4049
185 270 97.4049
232 307 23.281
307 232 23.281
300 25 18.5519
25 300 18.5519
286 280 75.835
280 286 75.835
137 4 13.7802
4 137 13.7802
22 168 35.5762
168 22 35.5762
54 233 12.0467
233 54 12.0467
290 169 75.3293
169 290 75.3293
87 85 25.9272
85 87 25.9272
301 134 50.0936
134 301 50.0936
273 48 30.0852
48 273 30.0852
100 22 43.0525
22 100 43.0525
171 138 39.0763
138 171 39.0763
256 179 21.1793
179 256 21.1793
111 224 49.1251
224 111 49.1251
294 113 25.1417
113 294 25.1417
163 108 78.2104
108 163 78.2104
169 190 24.9338
190 169 24.9338
278 297 16.7349
297 278 16.7349
148 259 88.699
259 148 88.699
302 80 24.8183
80 302 24.8183
174 45 47.0341
45 174 47.0341
300 262 31.7857
262 300 31.7857
226 154 12.5025
154 226 12.5025
239 45 53.656
45 239 53.656
104 302 99.8209
302 104 99.8209
28 300 25.6245
300 28 25.6245
220 10 18.9807
10 220 18.9807
218 236 84.3615
236 218 84.3615
30 168 55.0677
168 30 55.0677
301 8 47.3697
8 301 47.3697
151 311 48.9856
311 151 48.9856
235 233 17.0747
233 235 17.0747
281 29 37.8054
29 281 37.8054
203 153 84.815
153 203 84.815
236 44 73.7192
44 236 73.7192
293 84 88.8342
84 293 88.8342
164 186 58.8316
186 164 58.8316
13 147 41.9424
147 13 41.9424
180 281 28.295
281 180 28.295
114 216 16.8255
216 114 16.8255
187 296 78.74
296 187 78.74
42 190 93.2468
190 42 93.2468
273 15 20.5973
15 273 20.5973
316 232 43.0782
232 316 43.0782
190 114 86.2152
114 190 86.2152
47 34 57.7086
34 47 57.7086
277 185 70.2106
185 277 70.2106
47 231 64.6187
231 47 64.6187
204 73 36.3026
73 204 36.3026
318 28 37.7132
28 318 37.7132
286 219 25.5257
219 286 25.5257
198 180 27.3835
180 198 27.3835
127 35 27.8593
35 127 27.8593
109 313 40.4562
313 109 40.4562
186 19 25.222
19 186 25.222
85 102 10.7944
102 85 10.7944
215 262 16.2672
262 215 16.2672
1 199 16.1551
199 1 16.1551
79 169 66.2011
169 79 66.2011
261 14 65.3304
14 261 65.3304
21 181 12.5168
181 21 12.5168
312 44 52.3767
44 312 52.3767
320 202 37.3568
202 320 37.3568
175 201 50.9018
201 175 50.9018
170 68 95.9434
68 170 95.9434
25 224 64.852
224 25 64.852
94 168 70.2878
168 94 70.2878
135 213 96.2461
213 135 96.2461
264 269 41.8924
269 264 41.8924
223 263 35.5136
263 223 35.5136
229 54 97.6797
54 229 97.6797
295 253 33.2809
253 295 33.2809
247 323 50.4987
323 247 50.4987
63 264 36.5678
264 63 36.5678
96 247 44.6329
247 96 44.6329
44 160 56.2836
160 44 56.2836
253 321 25.278
321 253 25.278
62 302 66.2932
302 62 66.2932
254 69 81.3637
69 254 81.3637
228 300 61.0558
300 228 61.0558
38 75 74.7705
75 38 74.7705
196 188 64.2369
188 196 64.2369
112 242 43.3172
242 112 43.3172
42 64 20.4039
64 42 20.4039
118 239 60.5534
239 118 60.5534
21 27 16.9086
27 21 16.9086
11 254 15.9602
254 11 15.9602
161 89 88.3796
89 161 88.3796
74 219 74.2944
219 74 74.2944
189 201 56.5831
201 189 56.5831
119 262 89.3533
262 119 89.3533
225 143 87.3163
143 225 87.3163
69 148 30.2205
148 69 30.2205
315 269 94.4009
269 315 94.4009
145 319 79.2557
319 145 79.2557
249 246 89.3675
246 249 89.3675
227 213 95.1251
213 227 95.1251
214 243 46.8491
243 214 46.8491
86 153 72.1444
153 86 72.1444
94 196 66.8894
196 94 66.8894
197 262 27.7736
262 197 27.7736
136 174 37.604
174 136 37.604
154 261 65.4172
261 154 65.4172
87 225 61.6596
225 87 61.6596
251 110 11.5908
110 251 11.5908
229 43 49.447
43 229 49.447
299 10 97.9005
10 299 97.9005
129 70 46.429
70 129 46.429
177 242 92.5483
242 177 92.5483
308 275 94.6472
275 308 94.6472
297 75 23.0411
75 297 23.0411
262 301 33.8125
301 262 33.8125
23 294 81.816
294 23 81.816
159 287 11.9534
287 159 11.9534
0 170 24.3795
170 0 24.3795
125 202 62.7663
202 125 62.7663
269 128 28.0769
128 269 28.0769
161 141 64.1886
141 161 64.1886
165 98 65.4276
98 165 65.4276
319 87 94.2437
87 319 94.2437
70 185 40.9179
185 70 40.9179
116 32 78.346
32 116 78.346
123 265 38.9601
265 123 38.9601
133 75 97.3791
75 133 97.3791
37 315 55.2173
315 37 55.2173
311 303 75.1358
303 311 75.1358
272 247 27.5188
247 272 27.5188
15 272 68.2838
272 15 68.2838
188 178 37.8271
178 188 37.8271
69 1 78.5427
1 69 78.5427
230 68 54.6168
68 230 54.6168
276 312 40.9213
312 276 40.9213
105 187 88.9299
187 105 88.9299
272 46 66.223
46 272 66.223
204 161 78.407
161 204 78.407
39 21 67.6072
21 39 67.6072
23 99 25.5865
99 23 25.5865
238 104 45.4755
104 238 45.4755
13 44 88.4084
44 13 88.4084
16 173 82.5504
173 16 82.5504
76 203 45.0981
203 76 45.0981
48 151 12.0218
151 48 12.0218
274 208 26.0706
208 274 26.0706
44 148 38.9174
148 44 38.9174
241 70 87.7939
70 241 87.7939
117 305 98.5532
305 117 98.5532
105 273 11.085
273 105 11.085
316 121 25.3095
121 316 25.3095
287 7 72.9259
7 287 72.9259
228 271 79.1521
271 228 79.1521
156 190 74.7011
190 156 74.7011
96 130 68.258
130 96 68.258
281 53 11.634
53 281 11.634
65 67 61.0452
67 65 61.0452
123 45 35.3296
45 123 35.3296
175 44 93.5476
44 175 93.5476
267 311 23.6856
311 267 23.6856
92 215 89.7643
215 92 89.7643
283 313 26.2107
313 283 26.2107
173 112 20.7236
112 173 20.7236
164 62 43.9815
62 164 43.9815
237 117 78.1594
117 237 78.1594
93 240 77.2836
240 93 77.2836
53 140 92.7164
140 53 92.7164
22 69 89.4098
69 22 89.4098
207 264 78.4466
264 207 78.4466
55 295 84.4796
295 55 84.4796
109 236 31.0933
236 109 31.0933
100 243 90.8491
243 100 90.8491
116 276 93.3551
276 116 93.3551
294 278 35.7741
278 294 35.7741
64 154 86.642
154 64 86.642
226 151 96.343
151 226 96.343
107 77 54.0334
77 107 54.0334
129 279 87.0476
279 129 87.0476
158 126 26.6637
126 158 26.6637
170 62 41.332
62 170 41.332
141 132 79.9337
132 141 79.9337
3 296 77.541
296 3 77.541
239 55 26.6093
55 239 26.6093
225 295 85.0923
295 225 85.0923
197 283 92.391
283 197 92.391
208 145 51.7027
145 208 51.7027
314 110 17.6006
110 314 17.6006
148 133 77.8851
133 148 77.8851
188 292 30.5833
292 188 30.5833
151 255 22.6933
255 151 22.6933
248 189 20.0121
189 248 20.0121
115 126 17.8816
126 115 17.8816
124 189 62.758
189 124 62.758
213 220 94.0123
220 213 94.0123
185 200 30.4919
200 185 30.4919
7 144 91.308
144 7 91.308
219 116 99.1996
116 219 99.1996
130 219 81.95
219 130 81.95
7 289 41.8352
289 7 41.8352
49 66 88.0124
66 49 88.0124
16 132 36.3549
132 16 36.3549
220 260 98.0673
260 220 98.0673
299 19 30.2781
19 299 30.2781
142 253 61.1377
253 142 61.1377
274 56 72.5673
56 274 72.5673
193 184 63.1898
184 193 63.1898
146 10 77.6902
10 146 77.6902
27 59 50.4771
59 27 50.4771
43 103 84.3986
103 43 84.3986
75 242 48.8003
242 75 48.8003
104 199 57.6489
199 104 57.6489
82 146 19.1258
146 82 19.1258
180 312 35.9804
312 180 35.9804
80 26 77.9486
26 80 77.9486
63 157 21.3097
157 63 21.3097
11 95 58.8625
95 11 58.8625
166 6 75.5101
6 166 75.5101
116 112 91.6423
112 116 91.6423
175 150 78.4861
150 175 78.4861
20 302 51.0442
302 20 51.0442
120 18 50.7518
18 120 50.7518
251 278 92.2375
278 251 92.2375
302 163 11.9261
163 302 11.9261
179 251 42.4978
251 179 42.4978
304 272 78.3218
272 304 78.3218
125 131 72.6355
131 125 72.6355
80 310 74.0431
310 80 74.0431
48 244 12.0201
244 48 12.0201
140 83 15.2902
83 140 15.2902
220 244 49.7026
244 220 49.7026
255 145 78.9661
145 255 78.9661
95 125 19.3905
125 95 19.3905
22 65 33.0243
65 22 33.0243
23 272 65.9475
272 23 65.9475
193 242 95.5082
242 193 95.5082
262 47 57.5691
47 262 57.5691
35 149 78.654
149 35 78.654
323 207 38.3409
207 323 38.3409
226 132 66.4323
132 226 66.4323
115 117 33.1803
117 115 33.1803
94 43 72.5166
43 94 72.5166
61 63 35.7399
63 61 35.7399
185 20 19.8731
20 185 19.8731
94 309 30.7487
309 94 30.7487
32 308 80.843
308 32 80.843
191 32 45.0589
32 191 45.0589
209 158 33.0085
158 209 33.0085
181 267 14.7328
267 181 14.7328
154 21 25.4295
21 154 25.4295
262 194 86.3837
194 262 86.3837
172 189 57.2276
189 172 57.2276
204 4 47.308
4 204 47.308
83 51 65.3496
51 83 65.3496
107 122 37.7101
122 107 37.7101
129 42 35.2224
42 129 35.2224
240 313 39.2389
313 240 39.2389
70 260 61.8084
260 70 61.8084
238 139 54.9993
139 238 54.9993
233 47 91.8671
47 233 91.8671
293 10 44.7029
10 293 44.7029
259 264 62.2411
264 259 62.2411
165 39 43.5245
39 165 43.5245
147 181 66.8934
181 147 66.8934
120 74 55.5628
74 120 55.5628
286 125 26.4486
125 286 26.4486
57 206 58.4517
206 57 58.4517
268 81 43.992
81 268 43.992
190 26 73.193
26 190 73.193
97 61 95.0016
61 97 95.0016
193 241 78.2087
241 193 78.2087
314 37 53.0478
37 314 53.0478
314 107 45.4756
107 314 45.4756
245 138 99.2848
138 245 99.2848
168 140 87.2153
140 168 87.2153
218 204 70.5174
204 218 70.5174
64 292 23.0972
292 64 23.0972
210 216 38.4139
216 210 38.4139
173 226 63.4678
226 173 63.4678
9 87 89.7632
87 9 89.7632
238 186 86.985
186 238 86.985
252 87 17.0384
87 252 17.0384
104 242 20.5011
242 104 20.5011
139 17 17.3981
17 139 17.3981
178 12 58.3842
12 178 58.3842
279 203 68.575
203 279 68.575
100 23 42.8158
23 100 42.8158
251 32 35.582
32 251 35.582
68 291 82.7975
291 68 82.7975
75 254 42.0788
254 75 42.0788
115 238 94.9407
238 115 94.9407
34 8 73.4386
8 34 73.4386
162 197 19.6436
197 162 19.6436
301 233 95.2961
233 301 95.2961
93 41 75.3366
41 93 75.3366
15 104 62.0964
104 15 62.0964
151 190 66.2158
190 151 66.2158
287 125 68.6766
125 287 68.6766
316 275 15.5812
275 316 15.5812
152 64 43.1141
64 152 43.1141
303 278 94.0307
278 303 94.0307
317 103 83.9059
103 317 83.9059
239 221 40.7659
221 239 40.7659
84 137 98.9439
137 84 98.9439
221 229 84.2229
229 221 84.2229
66 321 47.8789
321 66 47.8789
52 183 19.584
183 52 19.584
69 185 11.2885
185 69 11.2885
149 11 65.2699
11 149 65.2699
6 218 65.9089
218 6 65.9089
236 102 36.5084
102 236 36.5084
162 209 48.8505
209 162 48.8505
263 93 27.1564
93 263 27.1564
298 232 94.2143
232 298 94.2143
144 163 93.7861
163 144 93.7861
232 12 97.7621
12 232 97.7621
322 312 51.034
312 322 51.034
0 178 13.3703
178 0 13.3703
4 63 39.626
63 4 39.626
222 166 50.6608
166 222 50.6608
34 35 56.4059
35 34 56.4059
37 313 20.1094
313 37 20.1094
283 60 22.8067
60 283 22.8067
128 256 92.5206
256 128 92.5206
35 170 27.0494
170 35 27.0494
175 179 89.7408
179 175 89.7408
273 123 60.4544
123 273 60.4544
158 318 58.5133
318 158 58.5133
259 220 86.6168
220 259 86.6168
143 322 90.5759
322 143 90.5759
307 150 73.2045
150 307 73.2045
107 36 22.4048
36 107 22.4048
169 223 10.2726
223 169 10.2726
222 142 70.3422
142 222 70.3422
267 194 14.0883
194 267 14.0883
106 219 68.1125
219 106 68.1125
240 3 56.4508
3 240 56.4508
303 60 16.7876
60 303 16.7876
252 247 69.3857
247 252 69.3857
22 14 26.94
14 22 26.94
91 205 67.0408
205 91 67.0408
291 64 10.335
64 291 10.335
94 79 40.3917
79 94 40.3917
121 284 56.4018
284 121 56.4018
254 10 11.7727
10 254 11.7727
90 212 63.4503
212 90 63.4503
48 292 21.6337
292 48 21.6337
65 70 72.3641
70 65 72.3641
8 201 16.9067
201 8 16.9067
205 156 97.5799
156 205 97.5799
126 122 30.706
122 126 30.706
18 133 10.1659
133 18 10.1659
264 107 17.8442
107 264 17.8442
31 314 66.8865
314 31 66.8865
66 26 19.3896
26 66 19.3896
16 316 46.1921
316 16 46.1921
297 5 17.2737
5 297 17.2737
247 89 80.234
89 247 80.234
152 79 45.4024
79 152 45.4024
310 231 81.371
231 310 81.371
237 11 69.2421
11 237 69.2421
171 119 82.7964
119 171 82.7964
161 220 28.0348
220 161 28.0348
163 264 71.6614
264 163 71.6614
294 283 43.7584
283 294 43.7584
319 218 18.9049
218 319 18.9049
127 246 66.2043
246 127 66.2043
198 81 75.9166
81 198 75.9166
303 283 41.2109
283 303 41.2109
249 124 12.7903
124 249 12.7903
166 129 62.2248
129 166 62.2248
7 319 86.3424
319 7 86.3424
198 154 28.6757
154 198 28.6757
138 169 27.6177
169 138 27.6177
73 263 67.7458
263 73 67.7458
254 189 74.1346
189 254 74.1346
320 20 68.3936
20 320 68.3936
171 97 96.6753
97 171 96.6753
30 309 84.2431
309 30 84.2431
185 214 67.1146
214 185 67.1146
301 309 49.9183
309 301 49.9183
276 70 29.8059
70 276 29.8059
94 54 25.8221
54 94 25.8221
48 93 23.5488
93 48 23.5488
218 62 47.4906
62 218 47.4906
63 130 59.4863
130 63 59.4863
42 45 89.1744
45 42 89.1744
280 212 68.7856
212 280 68.7856
239 28 12.4517
28 239 12.4517
214 197 67.8983
197 214 67.8983
295 319 76.9156
319 295 76.9156
185 47 76.0178
47 185 76.0178
45 282 63.4894
282 45 63.4894
248 98 60.5552
98 248 60.5552
149 133 47.6487
133 149 47.6487
19 35 90.2394
35 19 90.2394
36 306 36.6956
306 36 36.6956
131 73 20.4475
73 131 20.4475
252 140 20.904
140 252 20.904
233 255 96.4476
255 233 96.4476
263 74 59.6531
74 263 59.6531
40 30 75.8842
30 40 75.8842
283 192 23.3162
192 283 23.3162
126 143 93.6397
143 126 93.6397
175 5 57.5111
5 175 57.5111
294 90 36.1924
90 294 36.1924
175 171 80.557
171 175 80.557
188 42 91.6013
42 188 91.6013
109 315 89.928
315 109 89.928
216 240 60.7622
240 216 60.7622
290 16 99.016
16 290 99.016
174 130 54.7232
130 174 54.7232
172 132 63.1774
132 172 63.1774
216 53 41.2377
53 216 41.2377
220 202 85.9563
202 220 85.9563
134 300 35.9183
300 134 35.9183
29 75 51.2708
75 29 51.2708
9 44 44.0417
44 9 44.0417
174 219 60.317
219 174 60.317
84 24 11.0225
24 84 11.0225
1 50 99.4065
50 1 99.4065
135 56 42.4484
56 135 42.4484
87 43 83.2713
43 87 83.2713
215 217 50.288
217 215 50.288
203 310 60.5821
310 203 60.5821
54 305 32.7902
305 54 32.7902
279 312 98.4612
312 279 98.4612
319 267 91.7159
267 319 91.7159
211 134 13.9665
134 211 13.9665
260 134 28.1672
134 260 28.1672
10 239 90.9658
239 10 90.9658
278 31 71.2779
31 278 71.2779
218 54 29.0169
54 218 29.0169
116 284 50.3014
284 116 50.3014
185 60 61.3153
60 185 61.3153
133 264 41.3659
264 133 41.3659
15 8 72.3058
8 15 72.3058
48 147 67.8132
147 48 67.8132
134 224 91.739
224 134 91.739
118 288 46.6325
288 118 46.6325
162 270 26.3583
270 162 26.3583
39 241 36.8961
241 39 36.8961
304 261 31.0786
261 304 31.0786
126 266 34.2635
266 126 34.2635
298 113 94.9033
113 298 94.9033
34 288 76.7467
288 34 76.7467
22 155 91.6965
155 22 91.6965
162 8 46.3099
8 162 46.3099
169 214 65.3429
214 169 65.3429
132 247 74.5531
247 132 74.5531
180 181 79.7582
181 180 79.7582
318 38 30.1888
38 318 30.1888
152 209 44.1347
209 152 44.1347
240 60 31.1317
60 240 31.1317
307 202 78.0021
202 307 78.0021
145 0 70.4441
0 145 70.4441
126 191 42.997
191 126 42.997
323 5 24.7133
5 323 24.7133
254 225 95.2033
225 254 95.2033
148 61 90.4114
61 148 90.4114
188 242 22.4437
242 188 22.4437
13 204 28.2475
204 13 28.2475
322 316 12.8357
316 322 12.8357
167 187 67.0414
187 167 67.0414
125 37 29.5626
37 125 29.5626
214 140 38.0324
140 214 38.0324
257 289 53.6701
289 257 53.6701
318 230 17.1595
230 318 17.1595
203 262 74.4199
262 203 74.4199
66 181 12.6095
181 66 12.6095
70 143 25.6375
143 70 25.6375
309 9 37.3282
9 309 37.3282
175 140 19.1185
140 175 19.1185
3 1 79.6064
1 3 79.6064
171 186 94.7432
186 171 94.7432
207 86 55.1717
86 207 55.1717
29 220 51.6508
220 29 51.6508
176 290 43.2393
290 176 43.2393
72 195 60.79
195 72 60.79
15 131 24.265
131 15 24.265
46 297 62.1406
297 46 62.1406
160 263 86.4188
263 160 86.4188
103 155 54.0825
155 103 54.0825
226 210 84.8926
210 226 84.8926
254 322 65.6966
322 254 65.6966
228 62 44.9034
62 228 44.9034
285 139 94.151
139 285 94.151
229 47 81.0026
47 229 81.0026
122 22 33.0701
22 122 33.0701
109 276 20.9943
276 109 20.9943
19 187 89.7691
187 19 89.7691
83 220 39.3765
220 83 39.3765
92 37 39.9879
37 92 39.9879
299 210 32.3404
210 299 32.3404
17 11 17.5234
11 17 17.5234
270 70 82.0348
70 270 82.0348
114 100 82.7217
100 114 82.7217
275 62 57.7879
62 275 57.7879
3 247 67.9212
247 3 67.9212
28 260 87.1903
260 28 87.1903
270 136 75.4665
136 270 75.4665
