436 5818 100 342
1 0 21.3987
0 1 21.3987
2 1 21.4095
1 2 21.4095
3 1 81.3503
1 3 81.3503
4 1 45.0035
1 4 45.0035
5 3 65.3488
3 5 65.3488
6 3 39.8961
3 6 39.8961
7 0 51.624
0 7 51.624
8 2 99.3823
2 8 99.3823
9 0 10.4277
0 9 10.4277
10 2 44.5188
2 10 44.5188
11 1 25.6165
1 11 25.6165
12 3 70.6448
3 12 70.6448
13 7 58.9007
7 13 58.9007
14 12 27.1758
12 14 27.1758
15 4 63.9016
4 15 63.9016
16 4 16.2458
4 16 16.2458
17 7 32.7268
7 17 32.7268
18 9 22.5369
9 18 22.5369
19 17 95.0094
17 19 95.0094
20 1 66.3707
1 20 66.3707
21 11 50.6579
11 21 50.6579
22 14 34.9213
14 22 34.9213
23 1 34.007
1 23 34.007
24 10 12.6399
10 24 12.6399
25 0 80.724
0 25 80.724
26 24 77.9136
24 26 77.9136
27 0 21.9732
0 27 21.9732
28 23 13.6708
23 28 13.6708
29 27 44.7064
27 29 44.7064
30 2 28.5331
2 30 28.5331
31 17 37.5391
17 31 37.5391
32 11 68.821
11 32 68.821
33 15 65.8889
15 33 65.8889
34 7 61.1258
7 34 61.1258
35 28 93.292
28 35 93.292
36 10 72.0733
10 36 72.0733
37 26 84.841
26 37 84.841
38 10 59.5834
10 38 59.5834
39 9 23.9442
9 39 23.9442
40 30 39.1431
30 40 39.1431
41 0 88.0037
0 41 88.0037
42 1 52.0306
1 42 52.0306
43 27 89.123
27 43 89.123
44 27 35.8713
27 44 35.8713
45 22 27.2063
22 45 27.2063
46 31 75.1409
31 46 75.1409
47 28 87.2367
28 47 87.2367
48 15 22.0472
15 48 22.0472
49 32 94.5093
32 49 94.5093
50 0 32.1301
0 50 32.1301
51 26 50.898
26 51 50.898
52 24 31.5338
24 52 31.5338
53 52 33.7316
52 53 33.7316
54 53 38.0512
53 54 38.0512
55 21 54.4802
21 55 54.4802
56 4 59.4891
4 56 59.4891
57 50 36.4544
50 57 36.4544
58 40 97.438
40 58 97.438
59 43 80.4917
43 59 80.4917
60 37 25.0688
37 60 25.0688
61 29 31.9922
29 61 31.9922
62 16 53.4069
16 62 53.4069
63 3 95.9675
3 63 95.9675
64 26 14.9138
26 64 14.9138
65 19 52.1811
19 65 52.1811
66 1 98.6231
1 66 98.6231
67 28 23.126
28 67 23.126
68 23 70.8546
23 68 70.8546
69 8 82.3914
8 69 82.3914
70 7 26.6538
7 70 26.6538
71 8 30.8349
8 71 30.8349
72 51 64.9906
51 72 64.9906
73 51 95.3086
51 73 95.3086
74 6 86.4652
6 74 86.4652
75 56 61.5967
56 75 61.5967
76 18 43.3589
18 76 43.3589
77 6 74.7843
6 77 74.7843
78 36 77.029
36 78 77.029
79 23 44.2018
23 79 44.2018
80 44 68.6622
44 80 68.6622
81 74 55.5302
74 81 55.5302
82 13 88.8144
13 82 88.8144
83 75 53.1994
75 83 53.1994
84 43 80.3328
43 84 80.3328
85 42 59.6775
42 85 59.6775
86 2 52.1657
2 86 52.1657
87 8 83.6141
8 87 83.6141
88 55 76.3592
55 88 76.3592
89 6 27.5606
6 89 27.5606
90 30 66.3644
30 90 66.3644
91 20 85.2438
20 91 85.2438
92 49 64.1422
49 92 64.1422
93 63 90.3753
63 93 90.3753
94 92 33.142
92 94 33.142
95 16 95.6465
16 95 95.6465
96 74 13.5477
74 96 13.5477
97 23 82.6088
23 97 82.6088
98 85 90.5747
85 98 90.5747
99 43 79.9965
43 99 79.9965
100 12 16.2699
12 100 16.2699
101 24 72.28
24 101 72.28
102 71 84.6453
71 102 84.6453
103 99 79.9107
99 103 79.9107
104 52 74.2613
52 104 74.2613
105 46 27.2654
46 105 27.2654
106 21 62.3153
21 106 62.3153
107 16 24.2603
16 107 24.2603
108 70 27.8074
70 108 27.8074
109 33 12.7527
33 109 12.7527
110 71 61.856
71 110 61.856
111 0 74.7113
0 111 74.7113
112 30 59.4006
30 112 59.4006
113 38 67.978
38 113 67.978
114 24 95.9423
24 114 95.9423
115 30 12.0337
30 115 12.0337
116 48 59.5326
48 116 59.5326
117 33 85.0255
33 117 85.0255
118 21 18.0283
21 118 18.0283
119 23 75.7303
23 119 75.7303
120 48 19.8518
48 120 19.8518
121 104 84.7789
104 121 84.7789
122 108 22.8348
108 122 22.8348
123 87 54.7453
87 123 54.7453
124 109 93.5547
109 124 93.5547
125 18 77.8421
18 125 77.8421
126 36 92.3794
36 126 92.3794
127 37 72.7647
37 127 72.7647
128 0 55.7043
0 128 55.7043
129 10 79.0711
10 129 79.0711
130 25 85.8669
25 130 85.8669
131 47 80.198
47 131 80.198
132 125 81.7897
125 132 81.7897
133 101 79.5514
101 133 79.5514
134 47 68.152
47 134 68.152
135 19 74.6991
19 135 74.6991
136 104 63.0884
104 136 63.0884
137 85 77
85 137 77
138 119 83.4446
119 138 83.4446
139 51 64.4241
51 139 64.4241
140 119 64.1014
119 140 64.1014
141 67 44.995
67 141 44.995
142 12 68.8616
12 142 68.8616
143 86 96.2687
86 143 96.2687
144 52 13.246
52 144 13.246
145 112 19.8031
112 145 19.8031
146 38 30.2342
38 146 30.2342
147 94 45.7332
94 147 45.7332
148 18 32.516
18 148 32.516
149 51 73.3208
51 149 73.3208
150 139 10.9588
139 150 10.9588
151 137 48.9501
137 151 48.9501
152 94 61.817
94 152 61.817
153 104 24.668
104 153 24.668
154 69 18.5289
69 154 18.5289
155 45 97.0015
45 155 97.0015
156 71 56.0937
71 156 56.0937
157 44 46.3152
44 157 46.3152
158 131 24.0658
131 158 24.0658
159 79 47.5431
79 159 47.5431
160 16 81.2821
16 160 81.2821
161 32 56.0481
32 161 56.0481
162 103 14.2505
103 162 14.2505
163 90 17.0782
90 163 17.0782
164 131 15.6281
131 164 15.6281
165 136 27.0081
136 165 27.0081
166 132 59.4867
132 166 59.4867
167 58 44.8422
58 167 44.8422
168 108 22.1931
108 168 22.1931
169 98 63.0831
98 169 63.0831
170 134 44.4985
134 170 44.4985
171 44 76.9953
44 171 76.9953
172 148 67.6177
148 172 67.6177
173 168 64.5176
168 173 64.5176
174 146 85.6593
146 174 85.6593
175 55 60.2301
55 175 60.2301
176 123 95.7325
123 176 95.7325
177 39 37.0782
39 177 37.0782
178 176 10.0653
176 178 10.0653
179 72 82.9852
72 179 82.9852
180 82 57.6332
82 180 57.6332
181 172 78.1975
172 181 78.1975
182 46 34.3908
46 182 34.3908
183 148 31.7297
148 183 31.7297
184 73 54.1071
73 184 54.1071
185 141 27.3477
141 185 27.3477
186 139 38.5214
139 186 38.5214
187 78 46.4917
78 187 46.4917
188 62 27.4518
62 188 27.4518
189 105 65.648
105 189 65.648
190 12 89.7941
12 190 89.7941
191 46 33.6431
46 191 33.6431
192 135 68.8771
135 192 68.8771
193 6 14.8623
6 193 14.8623
194 145 61.5881
145 194 61.5881
195 80 57.2143
80 195 57.2143
196 33 38.12
33 196 38.12
197 164 67.7472
164 197 67.7472
198 170 31.0625
170 198 31.0625
199 89 79.716
89 199 79.716
200 167 45.3526
167 200 45.3526
201 52 91.0025
52 201 91.0025
202 181 39.6037
181 202 39.6037
203 151 37.872
151 203 37.872
204 5 85.4921
5 204 85.4921
205 21 55.6505
21 205 55.6505
206 97 23.8209
97 206 23.8209
207 146 58.2067
146 207 58.2067
208 136 33.301
136 208 33.301
209 109 66.7772
109 209 66.7772
210 1 64.0999
1 210 64.0999
211 140 16.8046
140 211 16.8046
212 101 18.9291
101 212 18.9291
213 169 33.1508
169 213 33.1508
214 188 24.4699
188 214 24.4699
215 120 14.9644
120 215 14.9644
216 204 22.9965
204 216 22.9965
217 212 85.1872
212 217 85.1872
218 53 10.5351
53 218 10.5351
219 100 99.445
100 219 99.445
220 183 97.5828
183 220 97.5828
221 136 69.6655
136 221 69.6655
222 51 81.5636
51 222 81.5636
223 72 14.9236
72 223 14.9236
224 26 61.4862
26 224 61.4862
225 76 46.0506
76 225 46.0506
226 154 81.3836
154 226 81.3836
227 95 80.6225
95 227 80.6225
228 222 33.5962
222 228 33.5962
229 228 99.0538
228 229 99.0538
230 208 16.4004
208 230 16.4004
231 57 65.8387
57 231 65.8387
232 199 66.3105
199 232 66.3105
233 25 62.1855
25 233 62.1855
234 224 81.1251
224 234 81.1251
235 152 34.9032
152 235 34.9032
236 168 25.0339
168 236 25.0339
237 131 89.9324
131 237 89.9324
238 36 34.4298
36 238 34.4298
239 231 14.9602
231 239 14.9602
240 179 97.151
179 240 97.151
241 233 49.6891
233 241 49.6891
242 108 87.4842
108 242 87.4842
243 1 92.7333
1 243 92.7333
244 177 74.5001
177 244 74.5001
245 21 79.6554
21 245 79.6554
246 125 31.0485
125 246 31.0485
247 167 57.892
167 247 57.892
248 130 79.1585
130 248 79.1585
249 217 65.4507
217 249 65.4507
250 10 87.2359
10 250 87.2359
251 35 33.2477
35 251 33.2477
252 33 90.3603
33 252 90.3603
253 221 74.1619
221 253 74.1619
254 68 44.0869
68 254 44.0869
255 61 64.0631
61 255 64.0631
256 40 30.9549
40 256 30.9549
257 174 93.3107
174 257 93.3107
258 137 87.1741
137 258 87.1741
259 35 40.8527
35 259 40.8527
260 41 12.5607
41 260 12.5607
261 144 43.1765
144 261 43.1765
262 130 96.4314
130 262 96.4314
263 165 96.6965
165 263 96.6965
264 257 69.8457
257 264 69.8457
265 135 94.3733
135 265 94.3733
266 201 32.8622
201 266 32.8622
267 61 54.9152
61 267 54.9152
268 232 75.2538
232 268 75.2538
269 214 20.4757
214 269 20.4757
270 200 33.1844
200 270 33.1844
271 183 28.1861
183 271 28.1861
272 116 94.9694
116 272 94.9694
273 193 18.2111
193 273 18.2111
274 197 38.5835
197 274 38.5835
275 183 32.3242
183 275 32.3242
276 35 84.4806
35 276 84.4806
277 207 13.3564
207 277 13.3564
278 251 63.6863
251 278 63.6863
279 262 87.4933
262 279 87.4933
280 138 45.0841
138 280 45.0841
281 263 30.7987
263 281 30.7987
282 236 18.8785
236 282 18.8785
283 35 11.6795
35 283 11.6795
284 248 88.7451
248 284 88.7451
285 231 26.4112
231 285 26.4112
286 224 16.9223
224 286 16.9223
287 172 41.5307
172 287 41.5307
288 98 85.9218
98 288 85.9218
289 226 24.4142
226 289 24.4142
290 19 37.7658
19 290 37.7658
291 268 36.4272
268 291 36.4272
292 137 82.1882
137 292 82.1882
293 73 36.9071
73 293 36.9071
294 151 82.43
151 294 82.43
295 113 68.7581
113 295 68.7581
296 71 42.2261
71 296 42.2261
297 284 36.9888
284 297 36.9888
298 149 53.17
149 298 53.17
299 239 29.1202
239 299 29.1202
300 13 89.6006
13 300 89.6006
301 154 82.1309
154 301 82.1309
302 298 55.7827
298 302 55.7827
303 0 90.1276
0 303 90.1276
304 32 43.524
32 304 43.524
305 156 87.837
156 305 87.837
306 32 60.3126
32 306 60.3126
307 123 21.6225
123 307 21.6225
308 234 78.3665
234 308 78.3665
309 264 44.4958
264 309 44.4958
310 163 13.4198
163 310 13.4198
311 154 69.1786
154 311 69.1786
312 254 23.0484
254 312 23.0484
313 302 18.0116
302 313 18.0116
314 210 61.6149
210 314 61.6149
315 200 75.6642
200 315 75.6642
316 255 96.6139
255 316 96.6139
317 68 82.5579
68 317 82.5579
318 232 57.9925
232 318 57.9925
319 60 74.9627
60 319 74.9627
320 126 55.2163
126 320 55.2163
321 2 51.5503
2 321 51.5503
322 14 72.1953
14 322 72.1953
323 154 38.0082
154 323 38.0082
324 222 79.6415
222 324 79.6415
325 55 35.1496
55 325 35.1496
326 43 21.7992
43 326 21.7992
327 8 83.526
8 327 83.526
328 43 94.5974
43 328 94.5974
329 322 47.8227
322 329 47.8227
330 192 27.3752
192 330 27.3752
331 98 16.0618
98 331 16.0618
332 223 98.2591
223 332 98.2591
333 202 15.9903
202 333 15.9903
334 164 40.1365
164 334 40.1365
335 28 88.6939
28 335 88.6939
336 261 62.9239
261 336 62.9239
337 6 57.1294
6 337 57.1294
338 182 75.9962
182 338 75.9962
339 133 17.9173
133 339 17.9173
340 63 15.803
63 340 15.803
341 108 55.2543
108 341 55.2543
342 92 19.7121
92 342 19.7121
343 186 96.2085
186 343 96.2085
344 62 90.5257
62 344 90.5257
345 315 38.9609
315 345 38.9609
346 229 28.8883
229 346 28.8883
347 149 65.1794
149 347 65.1794
348 223 48.0708
223 348 48.0708
349 59 24.83
59 349 24.83
350 230 96.9295
230 350 96.9295
351 320 19.386
320 351 19.386
352 66 41.0767
66 352 41.0767
353 347 70.9139
347 353 70.9139
354 221 47.5287
221 354 47.5287
355 256 35.2261
256 355 35.2261
356 77 90.8056
77 356 90.8056
357 250 40.9091
250 357 40.9091
358 228 29.3605
228 358 29.3605
359 30 71.7933
30 359 71.7933
360 294 39.242
294 360 39.242
361 343 40.0181
343 361 40.0181
362 168 80.2284
168 362 80.2284
363 339 27.7404
339 363 27.7404
364 136 77.4584
136 364 77.4584
365 109 20.8649
109 365 20.8649
366 196 44.7974
196 366 44.7974
367 264 55.1267
264 367 55.1267
368 177 71.4509
177 368 71.4509
369 246 40.1755
246 369 40.1755
370 133 61.6283
133 370 61.6283
371 16 91.5118
16 371 91.5118
372 171 84.6492
171 372 84.6492
373 62 38.0047
62 373 38.0047
374 210 59.0378
210 374 59.0378
375 183 53.6966
183 375 53.6966
376 232 34.864
232 376 34.864
377 266 12.5735
266 377 12.5735
378 323 20.2187
323 378 20.2187
379 74 77.8915
74 379 77.8915
380 132 29.8314
132 380 29.8314
381 145 35.134
145 381 35.134
382 142 98.654
142 382 98.654
383 254 83.9217
254 383 83.9217
384 256 73.2534
256 384 73.2534
385 219 75.8986
219 385 75.8986
386 173 83.8091
173 386 83.8091
387 289 26.5045
289 387 26.5045
388 54 24.9875
54 388 24.9875
389 11 57.9339
11 389 57.9339
390 260 93.7208
260 390 93.7208
391 362 23.8624
362 391 23.8624
392 376 51.7071
376 392 51.7071
393 108 24.5549
108 393 24.5549
394 158 73.6872
158 394 73.6872
395 36 31.3909
36 395 31.3909
396 73 70.6589
73 396 70.6589
397 240 60.3163
240 397 60.3163
398 369 65.9761
369 398 65.9761
399 383 79.91
383 399 79.91
400 348 26.5699
348 400 26.5699
401 94 33.4896
94 401 33.4896
402 39 72.3327
39 402 72.3327
403 84 57.8958
84 403 57.8958
404 181 86.8559
181 404 86.8559
405 297 77.2552
297 405 77.2552
406 226 15.5439
226 406 15.5439
407 265 32.5891
265 407 32.5891
408 180 36.2254
180 408 36.2254
409 24 56.8527
24 409 56.8527
410 53 50.9916
53 410 50.9916
411 81 35.3877
81 411 35.3877
412 145 49.8821
145 412 49.8821
413 166 58.129
166 413 58.129
414 284 19.8039
284 414 19.8039
415 31 26.9235
31 415 26.9235
416 279 83.5077
279 416 83.5077
417 189 49.4651
189 417 49.4651
418 202 94.7685
202 418 94.7685
419 108 53.1981
108 419 53.1981
420 229 37.2788
229 420 37.2788
421 265 43.7598
265 421 43.7598
422 321 13.9071
321 422 13.9071
423 226 54.7006
226 423 54.7006
424 249 18.0711
249 424 18.0711
425 404 25.3126
404 425 25.3126
426 177 53.9875
177 426 53.9875
427 372 51.3143
372 427 51.3143
428 96 37.5774
96 428 37.5774
429 156 38.3816
156 429 38.3816
430 238 11.8145
238 430 11.8145
431 124 33.6947
124 431 33.6947
432 388 78.7566
388 432 78.7566
433 427 69.8742
427 433 69.8742
434 351 97.5294
351 434 97.5294
435 218 13.8998
218 435 13.8998
222 405 32.7753
405 222 32.7753
141 162 58.6329
162 141 58.6329
275 136 52.1863
136 275 52.1863
72 416 84.5854
416 72 84.5854
48 93 11.5728
93 48 11.5728
2 48 29.4924
48 2 29.4924
370 254 87.3441
254 370 87.3441
150 260 99.721
260 150 99.721
131 308 42.3433
308 131 42.3433
337 226 47.5886
226 337 47.5886
162 145 86.223
145 162 86.223
350 417 41.3409
417 350 41.3409
97 60 66.2795
60 97 66.2795
402 104 31.1496
104 402 31.1496
5 226 12.5025
226 5 12.5025
143 243 54.2091
243 143 54.2091
12 247 53.9937
247 12 53.9937
67 149 61.126
149 67 61.126
155 400 88.2028
400 155 88.2028
61 360 12.3936
360 61 12.3936
55 411 39.3165
411 55 39.3165
77 414 27.4155
414 77 27.4155
3 366 81.5988
366 3 81.5988
337 344 19.8588
344 337 19.8588
248 42 10.7257
42 248 10.7257
301 134 98.425
134 301 98.425
200 361 67.3698
361 200 67.3698
3 43 11.6488
43 3 11.6488
355 207 66.4164
207 355 66.4164
211 180 22.8945
180 211 22.8945
93 320 31.0375
320 93 31.0375
167 352 50.0687
352 167 50.0687
388 131 59.9639
131 388 59.9639
383 346 81.1616
346 383 81.1616
356 55 12.365
55 356 12.365
216 320 27.2427
320 216 27.2427
6 213 83.676
213 6 83.676
286 44 57.5665
44 286 57.5665
138 208 57.9426
208 138 57.9426
62 35 33.2774
35 62 33.2774
41 354 86.4539
354 41 86.4539
31 423 78.8594
423 31 78.8594
138 426 13.7824
426 138 13.7824
111 176 70.0083
176 111 70.0083
184 270 90.9318
270 184 90.9318
419 393 26.7244
393 419 26.7244
416 141 52.8438
141 416 52.8438
301 402 12.4629
402 301 12.4629
316 410 49.3709
410 316 49.3709
47 77 97.0453
77 47 97.0453
378 26 93.0065
26 378 93.0065
304 258 27.9903
258 304 27.9903
212 156 49.4597
156 212 49.4597
80 286 81.2909
286 80 81.2909
280 279 49.3079
279 280 49.3079
381 41 53.0716
41 381 53.0716
411 21 33.3869
21 411 33.3869
369 409 20.6083
409 369 20.6083
277 307 12.2593
307 277 12.2593
230 371 32.045
371 230 32.045
51 415 95.5609
415 51 95.5609
26 47 84.5608
47 26 84.5608
105 72 45.8317
72 105 45.8317
91 75 76.063
75 91 76.063
381 65 76.4908
65 381 76.4908
26 264 96.3989
264 26 96.3989
402 186 19.4401
186 402 19.4401
401 100 19.3263
100 401 19.3263
356 327 51.5464
327 356 51.5464
302 77 93.8893
77 302 93.8893
240 1 50.3039
1 240 50.3039
350 119 10.8793
119 350 10.8793
228 301 70.1109
301 228 70.1109
392 244 98.7998
244 392 98.7998
145 153 81.5414
153 145 81.5414
163 418 51.8922
418 163 51.8922
246 98 65.2822
98 246 65.2822
358 158 59.8285
158 358 59.8285
403 17 36.4408
17 403 36.4408
265 110 31.9225
110 265 31.9225
276 425 60.5262
425 276 60.5262
433 148 70.4032
148 433 70.4032
98 427 65.378
427 98 65.378
361 73 21.1472
73 361 21.1472
154 248 75.1204
248 154 75.1204
268 166 74.7728
166 268 74.7728
227 5 53.6912
5 227 53.6912
222 328 64.7729
328 222 64.7729
178 39 30.3556
39 178 30.3556
204 81 36.1299
81 204 36.1299
147 47 66.9192
47 147 66.9192
222 287 24.0783
287 222 24.0783
273 434 87.5869
434 273 87.5869
55 134 35.842
134 55 35.842
322 368 34.9254
368 322 34.9254
158 240 17.4953
240 158 17.4953
390 362 54.6345
362 390 54.6345
292 350 70.7879
350 292 70.7879
392 294 97.3437
294 392 97.3437
219 374 71.2311
374 219 71.2311
206 212 35.4022
212 206 35.4022
318 25 18.7221
25 318 18.7221
368 387 17.6773
387 368 17.6773
270 238 32.5321
238 270 32.5321
311 52 24.7651
52 311 24.7651
408 190 94.5477
190 408 94.5477
238 41 77.0867
41 238 77.0867
195 232 37.2709
232 195 37.2709
89 79 86.2934
79 89 86.2934
19 370 75.1887
370 19 75.1887
172 404 29.7122
404 172 29.7122
4 122 92.6742
122 4 92.6742
428 296 47.2017
296 428 47.2017
370 308 57.6999
308 370 57.6999
43 122 67.4158
122 43 67.4158
47 20 61.1468
20 47 61.1468
423 197 29.523
197 423 29.523
189 95 15.0627
95 189 15.0627
18 332 55.923
332 18 55.923
212 81 14.9289
81 212 14.9289
343 312 36.3224
312 343 36.3224
412 135 30.6606
135 412 30.6606
66 324 22.6704
324 66 22.6704
208 298 55.7782
298 208 55.7782
118 14 77.5573
14 118 77.5573
45 194 90.8504
194 45 90.8504
308 409 54.8159
409 308 54.8159
411 116 62.5465
116 411 62.5465
12 404 15.8853
404 12 15.8853
432 358 25.01
358 432 25.01
239 15 25.4691
15 239 25.4691
258 317 31.5025
317 258 31.5025
411 342 61.881
342 411 61.881
169 332 47.3671
332 169 47.3671
70 417 95.1303
417 70 95.1303
23 71 64.5933
71 23 64.5933
155 175 70.7061
175 155 70.7061
129 427 92.3935
427 129 92.3935
95 283 84.4376
283 95 84.4376
130 330 58.4174
330 130 58.4174
300 244 31.6768
244 300 31.6768
141 355 76.2348
355 141 76.2348
387 235 81.8115
235 387 81.8115
379 399 81.3085
399 379 81.3085
426 412 46.354
412 426 46.354
200 131 44.9768
131 200 44.9768
75 237 44.9308
237 75 44.9308
125 256 20.7899
256 125 20.7899
405 294 84.8491
294 405 84.8491
167 190 51.1518
190 167 51.1518
7 261 64.9729
261 7 64.9729
351 235 96.3524
235 351 96.3524
44 82 42.8986
82 44 42.8986
61 170 20.5831
170 61 20.5831
113 420 82.7889
420 113 82.7889
168 371 38.2829
371 168 38.2829
194 184 31.1082
184 194 31.1082
138 392 85.6604
392 138 85.6604
159 247 59.6456
247 159 59.6456
256 251 87.7792
251 256 87.7792
67 40 76.9239
40 67 76.9239
400 363 22.189
363 400 22.189
76 336 38.7471
336 76 38.7471
39 389 55.1528
389 39 55.1528
142 71 67.4715
71 142 67.4715
419 340 39.0294
340 419 39.0294
411 241 46.5016
241 411 46.5016
121 297 47.5539
297 121 47.5539
426 395 20.1345
395 426 20.1345
394 102 10.4897
102 394 10.4897
273 354 62.2842
354 273 62.2842
122 265 39.878
265 122 39.878
159 30 26.6866
30 159 26.6866
413 267 60.3796
267 413 60.3796
151 377 39.6959
377 151 39.6959
418 136 72.4955
136 418 72.4955
178 6 98.666
6 178 98.666
283 75 31.3712
75 283 31.3712
228 194 62.0694
194 228 62.0694
191 28 10.8103
28 191 10.8103
52 165 89.977
165 52 89.977
332 202 25.2223
202 332 25.2223
426 413 59.9911
413 426 59.9911
1 409 91.4826
409 1 91.4826
385 84 92.429
84 385 92.429
229 144 67.0697
144 229 67.0697
32 204 91.4282
204 32 91.4282
276 91 43.4996
91 276 43.4996
39 122 43.8791
122 39 43.8791
393 313 24.116
313 393 24.116
131 23 60.4578
23 131 60.4578
144 24 26.3778
24 144 26.3778
417 405 83.4107
405 417 83.4107
232 40 23.8113
40 232 23.8113
401 132 68.1813
132 401 68.1813
369 178 89.4392
178 369 89.4392
284 55 56.1319
55 284 56.1319
256 364 73.1528
364 256 73.1528
101 141 56.7501
141 101 56.7501
130 304 34.5537
304 130 34.5537
250 85 80.924
85 250 80.924
69 333 14.4314
333 69 14.4314
34 122 55.6712
122 34 55.6712
265 386 65.5139
386 265 65.5139
148 391 15.362
391 148 15.362
239 381 95.7075
381 239 95.7075
103 370 72.6497
370 103 72.6497
408 184 44.3692
184 408 44.3692
395 177 30.3208
177 395 30.3208
213 214 96.8717
214 213 96.8717
90 293 47.2085
293 90 47.2085
388 299 65.267
299 388 65.267
130 419 76.5172
419 130 76.5172
147 10 52.3964
10 147 52.3964
53 375 50.5287
375 53 50.5287
137 158 72.8265
158 137 72.8265
122 365 73.3351
365 122 73.3351
247 57 24.291
57 247 24.291
128 398 59.9106
398 128 59.9106
265 214 41.0467
214 265 41.0467
307 177 97.7665
177 307 97.7665
394 380 46.7643
380 394 46.7643
349 92 47.7139
92 349 47.7139
417 34 78.3405
34 417 78.3405
46 151 87.4395
151 46 87.4395
421 222 67.7517
222 421 67.7517
175 228 48.7368
228 175 48.7368
13 350 70.2337
350 13 70.2337
364 386 15.5758
386 364 15.5758
265 36 68.7208
36 265 68.7208
232 214 45.3673
214 232 45.3673
68 298 89.5662
298 68 89.5662
326 107 56.0724
107 326 56.0724
95 325 36.3454
325 95 36.3454
405 227 40.6927
227 405 40.6927
151 19 74.6926
19 151 74.6926
427 245 49.0599
245 427 49.0599
17 211 46.0812
211 17 46.0812
255 137 83.2595
137 255 83.2595
197 206 84.1902
206 197 84.1902
343 234 47.7686
234 343 47.7686
111 96 27.7328
96 111 27.7328
409 99 73.9483
99 409 73.9483
87 369 24.7346
369 87 24.7346
197 380 70.2043
380 197 70.2043
412 254 32.2897
254 412 32.2897
314 407 42.9554
407 314 42.9554
378 428 94.5414
428 378 94.5414
244 173 18.6147
173 244 18.6147
253 310 99.903
310 253 99.903
129 117 64.6181
117 129 64.6181
258 336 42.1858
336 258 42.1858
390 372 51.4532
372 390 51.4532
347 207 95.7358
207 347 95.7358
227 18 89.2434
18 227 89.2434
165 204 69.281
204 165 69.281
180 145 68.9499
145 180 68.9499
43 333 91.1938
333 43 91.1938
217 229 75.0787
229 217 75.0787
267 327 28.5659
327 267 28.5659
169 126 63.2362
126 169 63.2362
14 330 92.7254
330 14 92.7254
400 149 19.5175
149 400 19.5175
82 196 47.4995
196 82 47.4995
47 4 61.0071
4 47 61.0071
412 30 66.5469
30 412 66.5469
307 273 13.8637
273 307 13.8637
301 18 72.5314
18 301 72.5314
256 307 23.8775
307 256 23.8775
413 184 84.7527
184 413 84.7527
288 286 66.0773
286 288 66.0773
412 82 77.201
82 412 77.201
17 48 83.8411
48 17 83.8411
394 339 82.7062
339 394 82.7062
318 292 30.1571
292 318 30.1571
370 243 96.6391
243 370 96.6391
284 185 82.1901
185 284 82.1901
64 91 67.6498
91 64 67.6498
8 89 63.5144
89 8 63.5144
337 104 12.8693
104 337 12.8693
371 11 91.8133
11 371 91.8133
97 189 10.4805
189 97 10.4805
302 234 54.9006
234 302 54.9006
273 396 58.6698
396 273 58.6698
177 423 29.1569
423 177 29.1569
116 196 20.2439
196 116 20.2439
331 62 66.9994
62 331 66.9994
188 248 10.4268
248 188 10.4268
395 429 19.1679
429 395 19.1679
433 347 94.3224
347 433 94.3224
411 297 28.4876
297 411 28.4876
46 281 66.748
281 46 66.748
215 25 14.7502
25 215 14.7502
2 14 64.08
14 2 64.08
167 5 57.7899
5 167 57.7899
404 127 43.0541
127 404 43.0541
126 417 11.1074
417 126 11.1074
145 64 52.5671
64 145 52.5671
203 104 86.5739
104 203 86.5739
354 300 58.1152
300 354 58.1152
327 266 56.4283
266 327 56.4283
327 95 47.0554
95 327 47.0554
381 299 14.7448
299 381 14.7448
377 426 96.1376
426 377 96.1376
80 229 34.3653
229 80 34.3653
61 115 55.713
115 61 55.713
187 179 73.5859
179 187 73.5859
60 57 29.3103
57 60 29.3103
7 18 62.3895
18 7 62.3895
19 218 34.0047
218 19 34.0047
297 357 95.9508
357 297 95.9508
48 31 38.8542
31 48 38.8542
61 352 33.3929
352 61 33.3929
194 39 62.1791
39 194 62.1791
237 261 42.077
261 237 42.077
83 249 42.3501
249 83 42.3501
289 361 58.9947
361 289 58.9947
120 410 96.3226
410 120 96.3226
210 313 50.3363
313 210 50.3363
118 4 79.2694
4 118 79.2694
84 329 85.573
329 84 85.573
262 111 80.4572
111 262 80.4572
212 216 32.2325
216 212 32.2325
378 275 74.4242
275 378 74.4242
376 198 20.6257
198 376 20.6257
152 245 27.3224
245 152 27.3224
146 335 21.986
335 146 21.986
267 4 87.699
4 267 87.699
100 3 19.7407
3 100 19.7407
250 294 23.4045
294 250 23.4045
349 301 52.3932
301 349 52.3932
73 369 47.1703
369 73 47.1703
101 69 46.9696
69 101 46.9696
158 382 98.2899
382 158 98.2899
272 413 71.2175
413 272 71.2175
128 131 30.7462
131 128 30.7462
256 2 37.0623
2 256 37.0623
16 96 42.4999
96 16 42.4999
391 229 10.5367
229 391 10.5367
219 80 16.5184
80 219 16.5184
203 4 78.1101
4 203 78.1101
422 26 73.4014
26 422 73.4014
352 360 66.6168
360 352 66.6168
111 310 42.4219
310 111 42.4219
431 159 66.489
159 431 66.489
305 171 38.0569
171 305 38.0569
321 73 62.0388
73 321 62.0388
391 201 26.7707
201 391 26.7707
184 265 47.3134
265 184 47.3134
154 67 92.9088
67 154 92.9088
256 12 40.4357
12 256 40.4357
426 333 21.4282
333 426 21.4282
90 129 78.6005
129 90 78.6005
184 11 55.4165
11 184 55.4165
35 292 14.8266
292 35 14.8266
5 290 41.8485
290 5 41.8485
151 283 19.1232
283 151 19.1232
244 418 42.8682
418 244 42.8682
118 88 46.0467
88 118 46.0467
126 382 40.37
382 126 40.37
126 193 32.3336
193 126 32.3336
93 372 42.0726
372 93 42.0726
362 298 87.4942
298 362 87.4942
412 162 56.3331
162 412 56.3331
224 107 64.7073
107 224 64.7073
61 72 97.424
72 61 97.424
330 380 68.8984
380 330 68.8984
259 323 13.9263
323 259 13.9263
298 73 30.6628
73 298 30.6628
370 218 71.9061
218 370 71.9061
117 362 41.2585
362 117 41.2585
355 271 76.275
271 355 76.275
35 86 77.4047
86 35 77.4047
223 140 73.4029
140 223 73.4029
419 144 25.6921
144 419 25.6921
158 392 24.2065
392 158 24.2065
245 395 23.1478
395 245 23.1478
39 109 16.1454
109 39 16.1454
30 66 65.4276
66 30 65.4276
335 131 42.2697
131 335 42.2697
174 434 68.8907
434 174 68.8907
212 425 56.123
425 212 56.123
128 194 96.1759
194 128 96.1759
151 308 52.9463
308 151 52.9463
121 161 75.6079
161 121 75.6079
233 251 33.983
251 233 33.983
14 81 54.6771
81 14 54.6771
269 82 59.2378
82 269 59.2378
83 154 75.6212
154 83 75.6212
181 26 20.2647
26 181 20.2647
226 347 96.1931
347 226 96.1931
405 42 55.6108
42 405 55.6108
233 227 13.7088
227 233 13.7088
264 382 63.0634
382 264 63.0634
285 338 70.3308
338 285 70.3308
145 93 89.1089
93 145 89.1089
225 374 62.8911
374 225 62.8911
406 341 47.5925
341 406 47.5925
153 203 63.4557
203 153 63.4557
280 412 58.542
412 280 58.542
123 295 18.0328
295 123 18.0328
318 80 53.4999
80 318 53.4999
285 348 62.6574
348 285 62.6574
50 405 25.7404
405 50 25.7404
43 210 72.0495
210 43 72.0495
327 23 62.2763
23 327 62.2763
31 23 33.6387
23 31 33.6387
42 135 84.8513
135 42 84.8513
277 306 46.4805
306 277 46.4805
145 283 16.242
283 145 16.242
398 169 96.983
169 398 96.983
418 260 92.0883
260 418 92.0883
424 16 48.4357
16 424 48.4357
340 280 14.0206
280 340 14.0206
309 419 15.9224
419 309 15.9224
28 69 72.1626
69 28 72.1626
220 282 19.175
282 220 19.175
64 435 17.5457
435 64 17.5457
100 273 89.4239
273 100 89.4239
116 307 19.9246
307 116 19.9246
89 123 43.9025
123 89 43.9025
168 231 61.1883
231 168 61.1883
280 169 84.3942
169 280 84.3942
317 192 65.889
192 317 65.889
362 407 67.9877
407 362 67.9877
16 54 82.8339
54 16 82.8339
114 65 29.1489
65 114 29.1489
403 220 33.0698
220 403 33.0698
197 145 63.2421
145 197 63.2421
405 271 77.5178
271 405 77.5178
64 196 13.725
196 64 13.725
230 138 84.6374
138 230 84.6374
380 282 45.9249
282 380 45.9249
74 418 93.3551
418 74 93.3551
223 291 30.2565
291 223 30.2565
85 162 23.745
162 85 23.745
56 283 16.2349
283 56 16.2349
161 416 27.9417
416 161 27.9417
229 138 74.722
138 229 74.722
248 156 64.545
156 248 64.545
329 389 77.753
389 329 77.753
397 18 93.383
18 397 93.383
82 95 40.5229
95 82 40.5229
230 417 82.4799
417 230 82.4799
89 33 17.9128
33 89 17.9128
340 286 28.597
286 340 28.597
118 153 21.031
153 118 21.031
205 295 93.235
295 205 93.235
261 230 70.8984
230 261 70.8984
70 167 20.6777
167 70 20.6777
30 246 59.2277
246 30 59.2277
350 75 22.1355
75 350 22.1355
326 431 35.9859
431 326 35.9859
289 205 77.2818
205 289 77.2818
238 422 89.3179
422 238 89.3179
112 268 33.4014
268 112 33.4014
221 268 26.1075
268 221 26.1075
206 308 56.3589
308 206 56.3589
100 67 74.8591
67 100 74.8591
393 279 38.3311
279 393 38.3311
332 111 88.7534
111 332 88.7534
58 376 92.5587
376 58 92.5587
66 204 20.8772
204 66 20.8772
337 274 20.058
274 337 20.058
37 243 61.4177
243 37 61.4177
13 388 80.9087
388 13 80.9087
152 178 86.2729
178 152 86.2729
29 400 66.2031
400 29 66.2031
60 240 61.3764
240 60 61.3764
424 284 89.5089
284 424 89.5089
9 79 96.5591
79 9 96.5591
24 266 31.2226
266 24 31.2226
369 47 86.7074
47 369 86.7074
127 36 28.5161
36 127 28.5161
391 107 94.1286
107 391 94.1286
239 45 67.6017
45 239 67.6017
89 401 23.4825
401 89 23.4825
205 93 70.1958
93 205 70.1958
61 62 31.2751
62 61 31.2751
57 313 50.8797
313 57 50.8797
285 62 27.2098
62 285 27.2098
389 242 38.4087
242 389 38.4087
126 206 63.6761
206 126 63.6761
94 65 70.8549
65 94 70.8549
107 289 11.579
289 107 11.579
121 49 74.3224
49 121 74.3224
95 303 31.7618
303 95 31.7618
115 414 74.1453
414 115 74.1453
364 377 56.3034
377 364 56.3034
27 292 97.3096
292 27 97.3096
177 73 63.0951
73 177 63.0951
245 15 94.3375
15 245 94.3375
307 194 55.6474
194 307 55.6474
147 357 38.6131
357 147 38.6131
144 330 24.351
330 144 24.351
38 388 44.0473
388 38 44.0473
294 46 35.2099
46 294 35.2099
283 318 54.36
318 283 54.36
405 58 75.7701
58 405 75.7701
432 241 62.717
241 432 62.717
109 250 49.4125
250 109 49.4125
222 217 33.2087
217 222 33.2087
182 268 41.0582
268 182 41.0582
70 50 28.3654
50 70 28.3654
240 325 58.1855
325 240 58.1855
338 268 69.1791
268 338 69.1791
50 300 38.0783
300 50 38.0783
55 48 52.3447
48 55 52.3447
380 374 57.8371
374 380 57.8371
228 275 32.5675
275 228 32.5675
116 343 48.4462
343 116 48.4462
197 104 32.6163
104 197 32.6163
38 281 47.6807
281 38 47.6807
384 137 97.9947
137 384 97.9947
353 362 50.3234
362 353 50.3234
242 418 95.5005
418 242 95.5005
157 248 33.5941
248 157 33.5941
221 317 95.9147
317 221 95.9147
131 407 44.2874
407 131 44.2874
43 433 91.2147
433 43 91.2147
78 191 75.4692
191 78 75.4692
355 128 53.9278
128 355 53.9278
322 264 24.7677
264 322 24.7677
377 71 87.7194
71 377 87.7194
385 8 38.2727
8 385 38.2727
110 0 87.3661
0 110 87.3661
364 225 64.8241
225 364 64.8241
297 191 48.1996
191 297 48.1996
230 250 54.3469
250 230 54.3469
222 162 39.5334
162 222 39.5334
56 391 52.2021
391 56 52.2021
60 101 28.3118
101 60 28.3118
399 21 50.7987
21 399 50.7987
32 185 63.4128
185 32 63.4128
151 100 75.8578
100 151 75.8578
251 77 67.3007
77 251 67.3007
175 79 72.5334
79 175 72.5334
431 364 40.0756
364 431 40.0756
232 212 35.7149
212 232 35.7149
257 49 76.9219
49 257 76.9219
91 180 21.7699
180 91 21.7699
408 8 82.5667
8 408 82.5667
219 295 68.9289
295 219 68.9289
143 316 45.0602
316 143 45.0602
350 346 74.7547
346 350 74.7547
104 103 87.2864
103 104 87.2864
76 131 19.3753
131 76 19.3753
157 59 20.4617
59 157 20.4617
313 275 61.0579
275 313 61.0579
407 30 21.5203
30 407 21.5203
93 262 26.9422
262 93 26.9422
57 174 86.1225
174 57 86.1225
396 405 16.3751
405 396 16.3751
262 202 10.1322
202 262 10.1322
179 340 63.2016
340 179 63.2016
203 35 75.5792
35 203 75.5792
263 393 54.2526
393 263 54.2526
303 138 29.4001
138 303 29.4001
180 228 39.9942
228 180 39.9942
263 162 18.3892
162 263 18.3892
266 382 71.2712
382 266 71.2712
390 367 21.9786
367 390 21.9786
312 90 19.7535
90 312 19.7535
348 318 95.1716
318 348 95.1716
180 264 76.6529
264 180 76.6529
34 407 93.0405
407 34 93.0405
50 277 81.9377
277 50 81.9377
336 242 12.881
242 336 12.881
41 165 16.9673
165 41 16.9673
126 426 89.925
426 126 89.925
298 192 59.6425
192 298 59.6425
337 52 29.7487
52 337 29.7487
346 285 94.1905
285 346 94.1905
384 319 78.5697
319 384 78.5697
283 272 21.3166
272 283 21.3166
277 6 66.7022
6 277 66.7022
414 409 98.3283
409 414 98.3283
277 65 60.1324
65 277 60.1324
213 367 42.6138
367 213 42.6138
260 126 23.7349
126 260 23.7349
370 5 68.7465
5 370 68.7465
247 40 50.3318
40 247 50.3318
5 433 48.5565
433 5 48.5565
169 236 83.1669
236 169 83.1669
22 94 27.7691
94 22 27.7691
245 215 41.0121
215 245 41.0121
351 182 11.367
182 351 11.367
246 76 38.3993
76 246 38.3993
411 256 75.6842
256 411 75.6842
173 325 95.0425
325 173 95.0425
41 177 45.2951
177 41 45.2951
413 41 22.9349
41 413 22.9349
263 83 73.2404
83 263 73.2404
329 228 97.7924
228 329 97.7924
312 152 70.3576
152 312 70.3576
323 282 65.9907
282 323 65.9907
22 203 26.5002
203 22 26.5002
376 52 73.6002
52 376 73.6002
108 75 12.0891
75 108 12.0891
62 265 39.2576
265 62 39.2576
10 341 64.204
341 10 64.204
428 266 89.4452
266 428 89.4452
277 325 69.4527
325 277 69.4527
59 295 70.764
295 59 70.764
180 176 22.0507
176 180 22.0507
212 57 94.1011
57 212 94.1011
334 373 52.5208
373 334 52.5208
435 67 44.0178
67 435 44.0178
412 316 43.6564
316 412 43.6564
149 343 92.6794
343 149 92.6794
111 22 48.7033
22 111 48.7033
103 315 75.7819
315 103 75.7819
310 317 35.5194
317 310 35.5194
212 117 45.3255
117 212 45.3255
214 157 15.8489
157 214 15.8489
279 236 61.0527
236 279 61.0527
183 138 95.8431
138 183 95.8431
45 99 44.1129
99 45 44.1129
350 412 81.6792
412 350 81.6792
55 65 37.6004
65 55 37.6004
158 329 96.4192
329 158 96.4192
67 229 82.9123
229 67 82.9123
143 424 13.6734
424 143 13.6734
297 248 32.3416
248 297 32.3416
316 432 34.8563
432 316 34.8563
413 377 81.4381
377 413 81.4381
262 149 69.7193
149 262 69.7193
217 70 13.5172
70 217 13.5172
24 272 79.8606
272 24 79.8606
213 27 14.772
27 213 14.772
287 25 34.4023
25 287 34.4023
386 65 56.3139
65 386 56.3139
191 277 76.0038
277 191 76.0038
185 345 52.56
345 185 52.56
123 344 11.8121
344 123 11.8121
430 102 91.9796
102 430 91.9796
295 412 28.894
412 295 28.894
20 77 57.5489
77 20 57.5489
400 227 53.9482
227 400 53.9482
434 91 31.3283
91 434 31.3283
339 141 18.4348
141 339 18.4348
3 14 63.2862
14 3 63.2862
169 235 98.7762
235 169 98.7762
244 425 41.4994
425 244 41.4994
336 320 80.8235
320 336 80.8235
6 268 56.8075
268 6 56.8075
44 435 22.3995
435 44 22.3995
63 376 29.002
376 63 29.002
29 314 52.4918
314 29 52.4918
344 277 76.779
277 344 76.779
294 380 31.3574
380 294 31.3574
284 88 10.7492
88 284 10.7492
338 78 49.5709
78 338 49.5709
317 125 87.1548
125 317 87.1548
408 218 91.8605
218 408 91.8605
44 295 36.8553
295 44 36.8553
167 186 36.9773
186 167 36.9773
131 61 78.0483
61 131 78.0483
365 336 70.2112
336 365 70.2112
321 172 37.0997
172 321 37.0997
199 357 43.3052
357 199 43.3052
54 282 39.9369
282 54 39.9369
103 361 57.1895
361 103 57.1895
153 117 89.8862
117 153 89.8862
342 106 12.1651
106 342 12.1651
18 425 90.6444
425 18 90.6444
289 266 36.7159
266 289 36.7159
346 314 34.7896
314 346 34.7896
173 253 14.6093
253 173 14.6093
188 9 73.3884
9 188 73.3884
292 20 77.6137
20 292 77.6137
405 175 94.0386
175 405 94.0386
99 300 15.5936
300 99 15.5936
27 435 39.6701
435 27 39.6701
399 45 45.3906
45 399 45.3906
288 39 45.682
39 288 45.682
25 55 90.8609
55 25 90.8609
101 433 19.5285
433 101 19.5285
340 109 41.0007
109 340 41.0007
195 415 71.6287
415 195 71.6287
342 196 96.5523
196 342 96.5523
383 211 81.1509
211 383 81.1509
113 424 72.0153
424 113 72.0153
43 339 93.7647
339 43 93.7647
274 161 12.001
161 274 12.001
266 366 35.802
366 266 35.802
84 266 59.9624
266 84 59.9624
388 408 76.3738
408 388 76.3738
156 238 35.9763
238 156 35.9763
140 3 17.6133
3 140 17.6133
107 110 91.6434
110 107 91.6434
429 343 66.9417
343 429 66.9417
171 77 13.0092
77 171 13.0092
424 23 59.8866
23 424 59.8866
417 131 63.65
131 417 63.65
271 71 61.1798
71 271 61.1798
416 308 65.901
308 416 65.901
251 253 21.8518
253 251 21.8518
366 435 54.0778
435 366 54.0778
96 204 96.2729
204 96 96.2729
99 430 40.8517
430 99 40.8517
260 296 93.1586
296 260 93.1586
416 326 74.566
326 416 74.566
78 201 15.6637
201 78 15.6637
260 61 33.0254
61 260 33.0254
316 417 82.259
417 316 82.259
12 284 22.9311
284 12 22.9311
125 211 94.424
211 125 94.424
177 154 15.0596
154 177 15.0596
144 298 23.3329
298 144 23.3329
278 185 35.0574
185 278 35.0574
275 235 20.6167
235 275 20.6167
100 275 54.7573
275 100 54.7573
431 301 81.1751
301 431 81.1751
312 337 97.0712
337 312 97.0712
55 246 88.4012
246 55 88.4012
91 148 52.4322
148 91 52.4322
334 391 74.2243
391 334 74.2243
430 309 77.6265
309 430 77.6265
118 277 58.7784
277 118 58.7784
435 305 91.4565
305 435 91.4565
135 427 32.1651
427 135 32.1651
337 41 10.4459
41 337 10.4459
163 199 28.1326
199 163 28.1326
219 207 81.3673
207 219 81.3673
106 382 87.8701
382 106 87.8701
57 414 99.0852
414 57 99.0852
21 93 62.0365
93 21 62.0365
276 364 81.412
364 276 81.412
64 393 44.8006
393 64 44.8006
40 379 68.3092
379 40 68.3092
234 81 59.3164
81 234 59.3164
331 422 72.0477
422 331 72.0477
65 238 77.3839
238 65 77.3839
418 401 41.6127
401 418 41.6127
161 190 79.1527
190 161 79.1527
182 282 90.5027
282 182 90.5027
435 97 32.9831
97 435 32.9831
251 352 30.2781
352 251 30.2781
379 365 37.3285
365 379 37.3285
369 278 38.4142
278 369 38.4142
187 163 12.6273
163 187 12.6273
276 155 19.775
155 276 19.775
368 14 80.5327
14 368 80.5327
77 353 95.0764
353 77 95.0764
146 43 46.1492
43 146 46.1492
128 434 75.4773
434 128 75.4773
315 346 52.8376
346 315 52.8376
405 17 85.4502
17 405 85.4502
107 188 30.3744
188 107 30.3744
415 243 66.4323
243 415 66.4323
228 131 36.5834
131 228 36.5834
103 102 48.9466
102 103 48.9466
314 5 24.8663
5 314 24.8663
253 75 31.6997
75 253 31.6997
147 46 35.1347
46 147 35.1347
201 26 93.6386
26 201 93.6386
351 256 47.2149
256 351 47.2149
171 82 74.4902
82 171 74.4902
138 174 21.1382
174 138 21.1382
165 78 12.9109
78 165 12.9109
244 320 17.6557
320 244 17.6557
422 292 11.4921
292 422 11.4921
77 382 15.8948
382 77 15.8948
431 127 54.5793
127 431 54.5793
373 138 47.9823
138 373 47.9823
399 44 23.026
44 399 23.026
261 268 61.0801
268 261 61.0801
19 252 74.0935
252 19 74.0935
97 79 99.3283
79 97 99.3283
364 315 93.9912
315 364 93.9912
172 431 82.3699
431 172 82.3699
238 28 94.0758
28 238 94.0758
93 172 35.6292
172 93 35.6292
274 30 50.2146
30 274 50.2146
83 250 48.3403
250 83 48.3403
122 434 27.9757
434 122 27.9757
177 101 97.775
101 177 97.775
255 354 81.2073
354 255 81.2073
395 402 15.4627
402 395 15.4627
77 62 87.988
62 77 87.988
38 1 77.793
1 38 77.793
286 55 65.0649
55 286 65.0649
386 6 38.0428
6 386 38.0428
33 388 66.0821
388 33 66.0821
85 362 39.6043
362 85 39.6043
206 340 64.275
340 206 64.275
324 5 75.6849
5 324 75.6849
173 114 87.6584
114 173 87.6584
358 282 61.7158
282 358 61.7158
417 209 28.8901
209 417 28.8901
145 228 52.265
228 145 52.265
203 64 88.2073
64 203 88.2073
148 104 20.2211
104 148 20.2211
67 355 20.6332
355 67 20.6332
157 427 75.1103
427 157 75.1103
253 108 39.9128
108 253 39.9128
219 368 58.4102
368 219 58.4102
370 284 58.5149
284 370 58.5149
76 231 27.1705
231 76 27.1705
285 261 72.8315
261 285 72.8315
136 154 99.6674
154 136 99.6674
203 254 39.6638
254 203 39.6638
60 210 57.4025
210 60 57.4025
146 170 12.4016
170 146 12.4016
1 32 90.6803
32 1 90.6803
329 70 59.8222
70 329 59.8222
203 114 86.4941
114 203 86.4941
369 207 89.5004
207 369 89.5004
283 147 19.9123
147 283 19.9123
382 7 82.8278
7 382 82.8278
167 324 38.4241
324 167 38.4241
86 138 32.9796
138 86 32.9796
252 38 67.0439
38 252 67.0439
301 98 67.1086
98 301 67.1086
197 50 19.877
50 197 19.877
423 327 67.6045
327 423 67.6045
267 312 29.9598
312 267 29.9598
106 183 94.2129
183 106 94.2129
35 331 89.0724
331 35 89.0724
316 56 85.5789
56 316 85.5789
11 171 45.8002
171 11 45.8002
392 163 86.9681
163 392 86.9681
118 99 64.1481
99 118 64.1481
192 77 50.2539
77 192 50.2539
244 99 91.0207
99 244 91.0207
332 399 64.6323
399 332 64.6323
430 425 55.8184
425 430 55.8184
162 365 54.2346
365 162 54.2346
408 361 78.9734
361 408 78.9734
15 150 49.8875
150 15 49.8875
433 260 96.6914
260 433 96.6914
125 404 19.4636
404 125 19.4636
20 186 71.2743
186 20 71.2743
248 366 94.6479
366 248 94.6479
212 26 94.9325
26 212 94.9325
5 45 50.054
45 5 50.054
55 228 12.834
228 55 12.834
13 115 83.994
115 13 83.994
102 267 21.674
267 102 21.674
135 33 58.3732
33 135 58.3732
168 258 83.4358
258 168 83.4358
396 175 46.3743
175 396 46.3743
114 166 81.3289
166 114 81.3289
13 116 81.4731
116 13 81.4731
254 182 97.8449
182 254 97.8449
205 404 98.0878
404 205 98.0878
435 247 68.3435
247 435 68.3435
55 402 61.0384
402 55 61.0384
434 356 33.6255
356 434 33.6255
223 231 94.4212
231 223 94.4212
38 249 24.1278
249 38 24.1278
60 10 36.6415
10 60 36.6415
195 117 30.3974
117 195 30.3974
233 29 56.3282
29 233 56.3282
33 46 92.7528
46 33 92.7528
101 70 17.788
70 101 17.788
62 261 24.0942
261 62 24.0942
52 44 31.1359
44 52 31.1359
202 165 69.914
165 202 69.914
285 120 66.6988
120 285 66.6988
184 81 96.8995
81 184 96.8995
148 328 91.0215
328 148 91.0215
328 306 91.2203
306 328 91.2203
281 413 56.8343
413 281 56.8343
177 110 25.7238
110 177 25.7238
104 288 24.8765
288 104 24.8765
226 281 28.9886
281 226 28.9886
21 425 81.3129
425 21 81.3129
194 51 46.3238
51 194 46.3238
87 386 76.5964
386 87 76.5964
205 8 66.3885
8 205 66.3885
219 196 70.3087
196 219 70.3087
285 229 54.9418
229 285 54.9418
400 201 96.151
201 400 96.151
390 65 91.0702
65 390 91.0702
128 253 74.8785
253 128 74.8785
