316 5110 242 270
1 0 79.0404
0 1 79.0404
2 0 16.4407
0 2 16.4407
3 0 33.8166
0 3 33.8166
4 1 91.8575
1 4 91.8575
5 0 45.4038
0 5 45.4038
6 5 61.5718
5 6 61.5718
7 5 27.0544
5 7 27.0544
8 5 98.2039
5 8 98.2039
9 8 34.5521
8 9 34.5521
10 9 43.0981
9 10 43.0981
11 0 80.8706
0 11 80.8706
12 9 93.4842
9 12 93.4842
13 9 16.5231
9 13 16.5231
14 13 22.1289
13 14 22.1289
15 6 81.1336
6 15 81.1336
16 11 81.269
11 16 81.269
17 12 71.2574
12 17 71.2574
18 14 87.2436
14 18 87.2436
19 8 39.9092
8 19 39.9092
20 10 43.4656
10 20 43.4656
21 10 73.089
10 21 73.089
22 7 36.9149
7 22 36.9149
23 6 69.8281
6 23 69.8281
24 2 70.7283
2 24 70.7283
25 23 43.0867
23 25 43.0867
26 24 22.4136
24 26 22.4136
27 23 52.4203
23 27 52.4203
28 4 36.9322
4 28 36.9322
29 9 28.7023
9 29 28.7023
30 17 90.5743
17 30 90.5743
31 12 21.6562
12 31 21.6562
32 11 81.8699
11 32 81.8699
33 6 43.2596
6 33 43.2596
34 21 62.1932
21 34 62.1932
35 29 18.8294
29 35 18.8294
36 7 83.9159
7 36 83.9159
37 24 94.9883
24 37 94.9883
38 8 48.6794
8 38 48.6794
39 7 43.7828
7 39 43.7828
40 10 14.2793
10 40 14.2793
41 33 75.1578
33 41 75.1578
42 41 50.0022
41 42 50.0022
43 10 29.7203
10 43 29.7203
44 20 17.4864
20 44 17.4864
45 12 83.9542
12 45 83.9542
46 17 16.5228
17 46 16.5228
47 16 80.198
16 47 80.198
48 29 95.365
29 48 95.365
49 13 74.7512
13 49 74.7512
50 27 45.6337
27 50 45.6337
51 7 90.4395
7 51 90.4395
52 16 19.9225
16 52 19.9225
53 42 19.753
42 53 19.753
54 35 99.2747
35 54 99.2747
55 36 53.6986
36 55 53.6986
56 25 18.3424
25 56 18.3424
57 3 98.5108
3 57 98.5108
58 9 22.0209
9 58 22.0209
59 56 39.6501
56 59 39.6501
60 18 21.5075
18 60 21.5075
61 29 84.9699
29 61 84.9699
62 52 85.8897
52 62 85.8897
63 19 88.3905
19 63 88.3905
64 3 98.6316
3 64 98.6316
65 42 46.1253
42 65 46.1253
66 23 42.5749
23 66 42.5749
67 30 67.1763
30 67 67.1763
68 12 68.1592
12 68 68.1592
69 64 28.0314
64 69 28.0314
70 58 63.3726
58 70 63.3726
71 32 39.1079
32 71 39.1079
72 44 68.2535
44 72 68.2535
73 29 75.6663
29 73 75.6663
74 4 63.4174
4 74 63.4174
75 65 33.8943
65 75 33.8943
76 3 78.6398
3 76 78.6398
77 1 34.5439
1 77 34.5439
78 62 73.1017
62 78 73.1017
79 4 22.6237
4 79 22.6237
80 15 68.9137
15 80 68.9137
81 13 14.1287
13 81 14.1287
82 30 40.1528
30 82 40.1528
83 8 30.3344
8 83 30.3344
84 53 95.0392
53 84 95.0392
85 0 73.9751
0 85 73.9751
86 64 14.7952
64 86 14.7952
87 43 71.6754
43 87 71.6754
88 4 75.0667
4 88 75.0667
89 34 26.3226
34 89 26.3226
90 25 49.559
25 90 49.559
91 74 83.6682
74 91 83.6682
92 38 48.8599
38 92 48.8599
93 85 55.0556
85 93 55.0556
94 73 68.4304
73 94 68.4304
95 58 68.8894
58 95 68.8894
96 82 76.8398
82 96 76.8398
97 16 64.9687
16 97 64.9687
98 17 67.9297
17 98 67.9297
99 42 25.6476
42 99 25.6476
100 29 11.6122
29 100 11.6122
101 48 85.425
48 101 85.425
102 76 30.2204
76 102 30.2204
103 66 26.1096
66 103 26.1096
104 10 22.4333
10 104 22.4333
105 43 98.4507
43 105 98.4507
106 95 43.0764
95 106 43.0764
107 89 89.3056
89 107 89.3056
108 43 14.7383
43 108 14.7383
109 71 57.1858
71 109 57.1858
110 72 99.884
72 110 99.884
111 40 19.4413
40 111 19.4413
112 88 50.5632
88 112 50.5632
113 68 36.167
68 113 36.167
114 99 23.1042
99 114 23.1042
115 8 94.2147
8 115 94.2147
116 48 19.7396
48 116 19.7396
117 111 17.7331
111 117 17.7331
118 23 17.9971
23 118 17.9971
119 24 77.0169
24 119 77.0169
120 19 24.9412
19 120 24.9412
121 56 13.7393
56 121 13.7393
122 28 59.2955
28 122 59.2955
123 73 62.7992
73 123 62.7992
124 8 90.6054
8 124 90.6054
125 95 20.8354
95 125 20.8354
126 78 58.2518
78 126 58.2518
127 100 95.8673
100 127 95.8673
128 68 31.5396
68 128 31.5396
129 16 67.7669
16 129 67.7669
130 17 55.8483
17 130 55.8483
131 18 20.018
18 131 20.018
132 7 89.4286
7 132 89.4286
133 72 38.7584
72 133 38.7584
134 28 97.5938
28 134 97.5938
135 23 53.6547
23 135 53.6547
136 60 23.0073
60 136 23.0073
137 83 91.8845
83 137 91.8845
138 137 64.5068
137 138 64.5068
139 42 41.3761
42 139 41.3761
140 15 92.6709
15 140 92.6709
141 53 42.2
53 141 42.2
142 75 52.2602
75 142 52.2602
143 30 38.1621
30 143 38.1621
144 94 26.8551
94 144 26.8551
145 120 13.2909
120 145 13.2909
146 117 38.9434
117 146 38.9434
147 130 71.3845
130 147 71.3845
148 75 46.4459
75 148 46.4459
149 69 69.3929
69 149 69.3929
150 149 36.2081
149 150 36.2081
151 23 17.4466
23 151 17.4466
152 12 35.2807
12 152 35.2807
153 140 58.6118
140 153 58.6118
154 133 88.8659
133 154 88.8659
155 3 28.788
3 155 28.788
156 61 89.3623
61 156 89.3623
157 56 21.1028
56 157 21.1028
158 132 35.0846
132 158 35.0846
159 116 49.4579
116 159 49.4579
160 104 59.4698
104 160 59.4698
161 30 19.1573
30 161 19.1573
162 120 51.0184
120 162 51.0184
163 21 84.9446
21 163 84.9446
164 139 52.0338
139 164 52.0338
165 95 23.9606
95 165 23.9606
166 64 32.2675
64 166 32.2675
167 87 28.0922
87 167 28.0922
168 159 61.2366
159 168 61.2366
169 10 67.9939
10 169 67.9939
170 93 27.626
93 170 27.626
171 147 49.2919
147 171 49.2919
172 163 52.5065
163 172 52.5065
173 146 76.1463
146 173 76.1463
174 9 54.1426
9 174 54.1426
175 36 86.2289
36 175 86.2289
176 96 72.8306
96 176 72.8306
177 29 99.0352
29 177 99.0352
178 11 77.8189
11 178 77.8189
179 169 16.6211
169 179 16.6211
180 87 66.8854
87 180 66.8854
181 96 37.7225
96 181 37.7225
182 4 34.9882
4 182 34.9882
183 110 78.0783
110 183 78.0783
184 20 84.3121
20 184 84.3121
185 88 76.599
88 185 76.599
186 56 33.6899
56 186 33.6899
187 151 50.8345
151 187 50.8345
188 170 47.8916
170 188 47.8916
189 136 40.8269
136 189 40.8269
190 189 68.8241
189 190 68.8241
191 60 72.1547
60 191 72.1547
192 132 97.6038
132 192 97.6038
193 75 14.7578
75 193 14.7578
194 43 42.3629
43 194 42.3629
195 100 90.0438
100 195 90.0438
196 116 78.5297
116 196 78.5297
197 70 47.6985
70 197 47.6985
198 67 17.3634
67 198 17.3634
199 157 11.2001
157 199 11.2001
200 48 57.5314
48 200 57.5314
201 195 87.5531
195 201 87.5531
202 19 10.8252
19 202 10.8252
203 23 38.6259
23 203 38.6259
204 150 69.0132
150 204 69.0132
205 42 95.7765
42 205 95.7765
206 199 78.5516
199 206 78.5516
207 146 35.837
146 207 35.837
208 89 72.9248
89 208 72.9248
209 149 65.7351
149 209 65.7351
210 175 90.0764
175 210 90.0764
211 142 56.3749
142 211 56.3749
212 174 23.312
174 212 23.312
213 194 61.1926
194 213 61.1926
214 172 40.1271
172 214 40.1271
215 202 43.4242
202 215 43.4242
216 193 45.3091
193 216 45.3091
217 21 52.6649
21 217 52.6649
218 121 96.0074
121 218 96.0074
219 137 74.6003
137 219 74.6003
220 25 98.2795
25 220 98.2795
221 109 80.2979
109 221 80.2979
222 129 13.7616
129 222 13.7616
223 200 68.2028
200 223 68.2028
224 110 39.7672
110 224 39.7672
225 52 51.1023
52 225 51.1023
226 175 16.5363
175 226 16.5363
227 214 34.7421
214 227 34.7421
228 216 77.6092
216 228 77.6092
229 94 97.0119
94 229 97.0119
230 49 89.7926
49 230 89.7926
231 199 47.5439
199 231 47.5439
232 8 47.2604
8 232 47.2604
233 159 70.4121
159 233 70.4121
234 13 34.1228
13 234 34.1228
235 11 45.5658
11 235 45.5658
236 225 46.3799
225 236 46.3799
237 174 56.0374
174 237 56.0374
238 133 45.8337
133 238 45.8337
239 169 71.8907
169 239 71.8907
240 238 49.7266
238 240 49.7266
241 131 56.5852
131 241 56.5852
242 189 32.468
189 242 32.468
243 188 55.7602
188 243 55.7602
244 119 87.8364
119 244 87.8364
245 149 28.9305
149 245 28.9305
246 147 73.4391
147 246 73.4391
247 209 69.6024
209 247 69.6024
248 142 43.0975
142 248 43.0975
249 29 81.2003
29 249 81.2003
250 164 79.5201
164 250 79.5201
251 177 77.4128
177 251 77.4128
252 208 10.5062
208 252 10.5062
253 234 30.0181
234 253 30.0181
254 110 39.0215
110 254 39.0215
255 42 57.3908
42 255 57.3908
256 101 31.0317
101 256 31.0317
257 151 42.0896
151 257 42.0896
258 195 45.2782
195 258 45.2782
259 6 44.1759
6 259 44.1759
260 168 16.7651
168 260 16.7651
261 107 11.298
107 261 11.298
262 11 19.2716
11 262 19.2716
263 103 16.9033
103 263 16.9033
264 117 23.4301
117 264 23.4301
265 162 16.7739
162 265 16.7739
266 50 44.8953
50 266 44.8953
267 75 13.6889
75 267 13.6889
268 58 85.4479
58 268 85.4479
269 21 95.5478
21 269 95.5478
270 241 78.3799
241 270 78.3799
271 235 22.38
235 271 22.38
272 107 98.657
107 272 98.657
273 215 22.228
215 273 22.228
274 152 45.4607
152 274 45.4607
275 259 56.182
259 275 56.182
276 122 82.8873
122 276 82.8873
277 88 16.9306
88 277 16.9306
278 35 86.9525
35 278 86.9525
279 59 62.2752
59 279 62.2752
280 215 67.6576
215 280 67.6576
281 54 42.3521
54 281 42.3521
282 187 94.8896
187 282 94.8896
283 198 12.0352
198 283 12.0352
284 77 32.8291
77 284 32.8291
285 21 14.9145
21 285 14.9145
286 272 29.1464
272 286 29.1464
287 0 76.7101
0 287 76.7101
288 192 74.3884
192 288 74.3884
289 53 79.4854
53 289 79.4854
290 109 50.933
109 290 50.933
291 215 91.8268
215 291 91.8268
292 215 62.9283
215 292 62.9283
293 98 53.808
98 293 53.808
294 116 24.7087
116 294 24.7087
295 14 98.6875
14 295 98.6875
296 62 74.672
62 296 74.672
297 116 58.4193
116 297 58.4193
298 281 54.2513
281 298 54.2513
299 259 67.7339
259 299 67.7339
300 20 47.6977
20 300 47.6977
301 158 24.3349
158 301 24.3349
302 67 27.5156
67 302 27.5156
303 29 92.939
29 303 92.939
304 269 75.553
269 304 75.553
305 235 47.7323
235 305 47.7323
306 258 90.9233
258 306 90.9233
307 213 81.4009
213 307 81.4009
308 220 70.8352
220 308 70.8352
309 19 90.3208
19 309 90.3208
310 294 40.6343
294 310 40.6343
311 136 65.6021
136 311 65.6021
312 293 56.9767
293 312 56.9767
313 248 12.4756
248 313 12.4756
314 105 41.0931
105 314 41.0931
315 179 58.7156
179 315 58.7156
310 255 37.4113
255 310 37.4113
227 76 49.6559
76 227 49.6559
140 10 42.7559
10 140 42.7559
216 18 43.862
18 216 43.862
137 241 80.7124
241 137 80.7124
38 279 12.7342
279 38 12.7342
312 207 22.1364
207 312 22.1364
243 92 49.3556
92 243 49.3556
157 251 71.0192
251 157 71.0192
266 14 32.8417
14 266 32.8417
161 207 46.1649
207 161 46.1649
200 61 74.2891
61 200 74.2891
13 237 15.3487
237 13 15.3487
58 214 26.0189
214 58 26.0189
208 85 26.5189
85 208 26.5189
165 38 26.5848
38 165 26.5848
45 209 85.3269
209 45 85.3269
305 188 37.4537
188 305 37.4537
309 47 25.3989
47 309 25.3989
87 129 48.4809
129 87 48.4809
266 5 25.0392
5 266 25.0392
129 96 36.8103
96 129 36.8103
313 72 21.4307
72 313 21.4307
40 77 98.1846
77 40 98.1846
21 136 82.9041
136 21 82.9041
74 272 57.904
272 74 57.904
17 244 40.7709
244 17 40.7709
167 92 43.9597
92 167 43.9597
279 206 81.203
206 279 81.203
138 160 99.6504
160 138 99.6504
114 315 33.3208
315 114 33.3208
25 216 42.6747
216 25 42.6747
206 303 45.1428
303 206 45.1428
134 43 77.4963
43 134 77.4963
301 75 86.6854
75 301 86.6854
235 23 39.0064
23 235 39.0064
72 214 95.9677
214 72 95.9677
23 83 88.5013
83 23 88.5013
219 22 46.2157
22 219 46.2157
13 64 42.5183
64 13 42.5183
231 110 70.9375
110 231 70.9375
100 164 46.8385
164 100 46.8385
187 62 26.9819
62 187 26.9819
31 20 86.7035
20 31 86.7035
311 248 90.7443
248 311 90.7443
35 117 11.582
117 35 11.582
142 54 59.659
54 142 59.659
292 257 56.8618
257 292 56.8618
262 188 85.4202
188 262 85.4202
310 154 61.978
154 310 61.978
260 77 76.762
77 260 76.762
117 47 15.3048
47 117 15.3048
103 104 24.8462
104 103 24.8462
246 28 61.1128
28 246 61.1128
293 287 25.3784
287 293 25.3784
114 205 70.9337
205 114 70.9337
72 248 87.4075
248 72 87.4075
118 129 94.1568
129 118 94.1568
131 41 61.0288
41 131 61.0288
237 92 89.7493
92 237 89.7493
238 307 83.9983
307 238 83.9983
289 8 21.8722
8 289 21.8722
293 205 46.4643
205 293 46.4643
247 229 75.2775
229 247 75.2775
311 47 15.894
47 311 15.894
110 255 11.4645
255 110 11.4645
124 288 36.3022
288 124 36.3022
197 58 14.3405
58 197 14.3405
251 173 75.2359
173 251 75.2359
124 94 72.5298
94 124 72.5298
188 215 56.0365
215 188 56.0365
48 271 78.913
271 48 78.913
274 307 38.8796
307 274 38.8796
64 225 38.8576
225 64 38.8576
40 273 17.8855
273 40 17.8855
149 187 58.5343
187 149 58.5343
114 238 25.2713
238 114 25.2713
233 36 77.1783
36 233 77.1783
44 297 52.7187
297 44 52.7187
175 106 30.7141
106 175 30.7141
14 278 28.0004
278 14 28.0004
150 271 92.0875
271 150 92.0875
225 97 71.129
97 225 71.129
305 273 67.4322
273 305 67.4322
47 251 53.2175
251 47 53.2175
294 137 27.9702
137 294 27.9702
12 0 55.1272
0 12 55.1272
18 275 12.5282
275 18 12.5282
48 178 27.9389
178 48 27.9389
236 248 60.5983
248 236 60.5983
45 25 30.6604
25 45 30.6604
279 212 47.1479
212 279 47.1479
291 310 63.422
310 291 63.422
132 100 59.0912
100 132 59.0912
114 261 90.4746
261 114 90.4746
43 56 33.9634
56 43 33.9634
309 291 77.5414
291 309 77.5414
278 169 93.9892
169 278 93.9892
159 218 63.8203
218 159 63.8203
261 204 28.4505
204 261 28.4505
49 156 60.4019
156 49 60.4019
198 193 90.1362
193 198 90.1362
290 95 69.3128
95 290 69.3128
214 13 71.7389
13 214 71.7389
313 224 24.8807
224 313 24.8807
135 156 90.9994
156 135 90.9994
292 16 88.4522
16 292 88.4522
115 164 94.4588
164 115 94.4588
263 165 49.1985
165 263 49.1985
10 71 46.2882
71 10 46.2882
198 130 19.5398
130 198 19.5398
248 86 41.968
86 248 41.968
228 152 70.5884
152 228 70.5884
118 259 39.546
259 118 39.546
268 212 95.315
212 268 95.315
120 309 62.2096
309 120 62.2096
315 96 33.9267
96 315 33.9267
253 101 91.6191
101 253 91.6191
226 72 48.6874
72 226 48.6874
116 152 11.0301
152 116 11.0301
17 72 74.7788
72 17 74.7788
46 21 70.3579
21 46 70.3579
133 70 13.5763
70 133 13.5763
309 205 70.9637
205 309 70.9637
93 130 53.6984
130 93 53.6984
47 60 32.0773
60 47 32.0773
261 199 30.7039
199 261 30.7039
22 76 75.1325
76 22 75.1325
204 155 64.0141
155 204 64.0141
160 183 15.1641
183 160 15.1641
163 81 96.0357
81 163 96.0357
110 218 35.4179
218 110 35.4179
169 197 78.759
197 169 78.759
38 106 53.3164
106 38 53.3164
218 93 10.419
93 218 10.419
277 51 37.3685
51 277 37.3685
97 101 87.7391
101 97 87.7391
141 293 35.1778
293 141 35.1778
224 59 34.9919
59 224 34.9919
253 121 31.1878
121 253 31.1878
110 197 75.0831
197 110 75.0831
37 196 17.4655
196 37 17.4655
170 6 26.8279
6 170 26.8279
177 14 81.5044
14 177 81.5044
250 307 73.3657
307 250 73.3657
158 303 86.5896
303 158 86.5896
82 112 85.8112
112 82 85.8112
225 1 97.2985
1 225 97.2985
14 149 16.348
149 14 16.348
285 144 69.4883
144 285 69.4883
236 145 84.9898
145 236 84.9898
117 54 50.6179
54 117 50.6179
136 70 14.376
70 136 14.376
92 3 16.8581
3 92 16.8581
220 116 13.5243
116 220 13.5243
189 22 89.817
22 189 89.817
46 247 38.173
247 46 38.173
110 213 14.3501
213 110 14.3501
168 192 23.1102
192 168 23.1102
119 15 57.025
15 119 57.025
265 9 55.5403
9 265 55.5403
268 197 76.3725
197 268 76.3725
307 34 79.9291
34 307 79.9291
47 207 51.1372
207 47 51.1372
201 289 56.2132
289 201 56.2132
185 152 41.1737
152 185 41.1737
308 122 64.3374
122 308 64.3374
141 168 77.2863
168 141 77.2863
225 251 35.7415
251 225 35.7415
32 102 43.977
102 32 43.977
269 110 84.8275
110 269 84.8275
14 136 94.644
136 14 94.644
128 50 88.2445
50 128 88.2445
169 97 43.3515
97 169 43.3515
137 132 18.302
132 137 18.302
231 237 60.8233
237 231 60.8233
206 57 76.5077
57 206 76.5077
307 189 96.5184
189 307 96.5184
190 170 55.3082
170 190 55.3082
262 224 42.9208
224 262 42.9208
206 183 90.8305
183 206 90.8305
126 112 85.0779
112 126 85.0779
14 24 37.6146
24 14 37.6146
223 104 60.1697
104 223 60.1697
243 146 45.8432
146 243 45.8432
183 315 36.5396
315 183 36.5396
286 241 45.0277
241 286 45.0277
133 40 40.9862
40 133 40.9862
184 9 40.315
9 184 40.315
27 267 57.0504
267 27 57.0504
147 120 19.2811
120 147 19.2811
302 272 19.7669
272 302 19.7669
41 121 81.0392
121 41 81.0392
21 29 67.249
29 21 67.249
81 305 68.2929
305 81 68.2929
248 180 70.0519
180 248 70.0519
285 163 94.2473
163 285 94.2473
247 312 97.1529
312 247 97.1529
256 152 47.0325
152 256 47.0325
287 13 41.3341
13 287 41.3341
182 52 27.8355
52 182 27.8355
46 300 92.0672
300 46 92.0672
144 99 74.9977
99 144 74.9977
271 7 21.9068
7 271 21.9068
206 244 26.7775
244 206 26.7775
143 144 67.0136
144 143 67.0136
288 298 58.7283
298 288 58.7283
275 314 79.4248
314 275 79.4248
267 257 65.6679
257 267 65.6679
303 114 93.2691
114 303 93.2691
252 14 45.829
14 252 45.829
273 81 50.0901
81 273 50.0901
249 13 31.9832
13 249 31.9832
276 252 28.3761
252 276 28.3761
277 119 31.8077
119 277 31.8077
141 202 50.8843
202 141 50.8843
74 45 93.113
45 74 93.113
301 42 32.6702
42 301 32.6702
254 120 65.899
120 254 65.899
12 284 20.5
284 12 20.5
91 107 49.9375
107 91 49.9375
275 160 55.2766
160 275 55.2766
25 245 35.3387
245 25 35.3387
212 122 29.5073
122 212 29.5073
83 78 97.0341
78 83 97.0341
121 107 47.0234
107 121 47.0234
129 3 93.286
3 129 93.286
219 14 41.7495
14 219 41.7495
213 294 44.6483
294 213 44.6483
50 129 60.0211
129 50 60.0211
274 1 78.6855
1 274 78.6855
298 40 47.4107
40 298 47.4107
106 283 68.7655
283 106 68.7655
172 223 10.3202
223 172 10.3202
188 19 95.9138
19 188 95.9138
261 56 81.3072
56 261 81.3072
284 134 38.3863
134 284 38.3863
80 258 50.3254
258 80 50.3254
64 115 52.202
115 64 52.202
260 60 33.873
60 260 33.873
38 204 68.3536
204 38 68.3536
151 120 75.9221
120 151 75.9221
182 143 50.1246
143 182 50.1246
311 126 66.8444
126 311 66.8444
90 159 28.9797
159 90 28.9797
169 290 70.5792
290 169 70.5792
28 209 21.9972
209 28 21.9972
190 97 96.3695
97 190 96.3695
222 286 85.3941
286 222 85.3941
98 182 67.7622
182 98 67.7622
199 42 51.7209
42 199 51.7209
283 279 69.9509
279 283 69.9509
140 107 87.6574
107 140 87.6574
295 226 71.7514
226 295 71.7514
310 282 18.0475
282 310 18.0475
115 230 63.2203
230 115 63.2203
76 167 80.8645
167 76 80.8645
107 73 45.0371
73 107 45.0371
314 191 74.0832
191 314 74.0832
16 176 79.381
176 16 79.381
102 268 70.2341
268 102 70.2341
306 110 70.9109
110 306 70.9109
81 304 91.3406
304 81 91.3406
174 311 25.1201
311 174 25.1201
53 246 67.996
246 53 67.996
6 238 84.2402
238 6 84.2402
244 239 59.2149
239 244 59.2149
109 147 24.1057
147 109 24.1057
75 19 37.2408
19 75 37.2408
182 82 17.1445
82 182 17.1445
48 249 74.123
249 48 74.123
220 240 23.9251
240 220 23.9251
89 311 49.1434
311 89 49.1434
286 5 66.0193
5 286 66.0193
127 159 22.6485
159 127 22.6485
182 49 28.872
49 182 28.872
53 272 62.825
272 53 62.825
187 103 35.0144
103 187 35.0144
60 0 18.0451
0 60 18.0451
20 165 87.3992
165 20 87.3992
63 231 12.6581
231 63 12.6581
57 7 35.8375
7 57 35.8375
269 208 10.0434
208 269 10.0434
213 80 24.9081
80 213 24.9081
291 83 91.9632
83 291 91.9632
283 254 94.0124
254 283 94.0124
88 68 74.1967
68 88 74.1967
173 23 47.8012
23 173 47.8012
70 234 48.454
234 70 48.454
37 256 64.8004
256 37 64.8004
289 61 75.9037
61 289 75.9037
253 135 40.5173
135 253 40.5173
298 261 17.6681
261 298 17.6681
32 138 31.056
138 32 31.056
158 197 62.532
197 158 62.532
68 117 81.0646
117 68 81.0646
128 291 82.3566
291 128 82.3566
118 160 94.5536
160 118 94.5536
68 297 33.7054
297 68 33.7054
199 40 94.2751
40 199 94.2751
86 181 14.861
181 86 14.861
126 165 94.9646
165 126 94.9646
69 240 96.2122
240 69 96.2122
217 60 29.9436
60 217 29.9436
139 283 81.1419
283 139 81.1419
267 249 59.2201
249 267 59.2201
145 188 98.2679
188 145 98.2679
181 273 47.7996
273 181 47.7996
86 298 71.9213
298 86 71.9213
205 127 83.6875
127 205 83.6875
256 115 52.9007
115 256 52.9007
165 129 30.7263
129 165 30.7263
157 0 20.1931
0 157 20.1931
72 264 17.7323
264 72 17.7323
225 133 45.3071
133 225 45.3071
73 205 16.4544
205 73 16.4544
148 314 55.2913
314 148 55.2913
209 264 63.8368
264 209 63.8368
166 15 39.4746
15 166 39.4746
108 156 35.819
156 108 35.819
242 82 21.6792
82 242 21.6792
202 207 15.927
207 202 15.927
10 90 87.5602
90 10 87.5602
31 190 77.0244
190 31 77.0244
312 229 21.0089
229 312 21.0089
188 36 14.461
36 188 14.461
131 247 11.7846
247 131 11.7846
284 163 98.7187
163 284 98.7187
67 142 62.7504
142 67 62.7504
102 119 61.042
119 102 61.042
70 311 19.757
311 70 19.757
228 155 60.2469
155 228 60.2469
219 298 73.5895
298 219 73.5895
144 298 93.8332
298 144 93.8332
238 167 85.69
167 238 85.69
180 268 58.1947
268 180 58.1947
60 101 59.3893
101 60 59.3893
63 76 49.7849
76 63 49.7849
276 187 82.7663
187 276 82.7663
186 194 70.9032
194 186 70.9032
142 49 62.6131
49 142 62.6131
266 6 98.2219
6 266 98.2219
147 184 35.1928
184 147 35.1928
137 166 49.1516
166 137 49.1516
305 313 64.389
313 305 64.389
44 243 27.3276
243 44 27.3276
37 259 39.8185
259 37 39.8185
74 19 60.1453
19 74 60.1453
287 177 45.7281
177 287 45.7281
47 249 63.5981
249 47 63.5981
156 30 98.6718
30 156 98.6718
245 230 26.3071
230 245 26.3071
150 309 42.8887
309 150 42.8887
219 205 39.1308
205 219 39.1308
276 296 57.4935
296 276 57.4935
82 80 91.1757
80 82 91.1757
115 202 61.9276
202 115 61.9276
133 276 71.1691
276 133 71.1691
60 269 63.2362
269 60 63.2362
181 314 92.8822
314 181 92.8822
6 298 37.6689
298 6 37.6689
146 33 37.0165
33 146 37.0165
124 315 59.1325
315 124 59.1325
289 52 20.898
52 289 20.898
314 88 77.7282
88 314 77.7282
139 19 97.4831
19 139 97.4831
281 252 11.1718
252 281 11.1718
34 93 40.4144
93 34 40.4144
309 22 73.5261
22 309 73.5261
256 124 82.4566
124 256 82.4566
313 132 86.9674
132 313 86.9674
22 31 54.8053
31 22 54.8053
19 194 53.6464
194 19 53.6464
305 15 32.6873
15 305 32.6873
84 117 14.9257
117 84 14.9257
152 187 56.9573
187 152 56.9573
113 288 20.9982
288 113 20.9982
124 303 43.694
303 124 43.694
245 259 30.9135
259 245 30.9135
111 173 40.9985
173 111 40.9985
309 17 38.3346
17 309 38.3346
176 305 51.3427
305 176 51.3427
125 237 56.5585
237 125 56.5585
180 23 45.868
23 180 45.868
258 257 47.6402
257 258 47.6402
114 178 89.0575
178 114 89.0575
52 9 86.1611
9 52 86.1611
150 10 23.7438
10 150 23.7438
145 299 12.8602
299 145 12.8602
232 165 90.5578
165 232 90.5578
90 228 46.409
228 90 46.409
256 280 30.5101
280 256 30.5101
200 286 98.0447
286 200 98.0447
292 290 39.2945
290 292 39.2945
153 219 43.662
219 153 43.662
104 44 81.9395
44 104 81.9395
102 112 85.9235
112 102 85.9235
161 125 67.1944
125 161 67.1944
176 109 31.3089
109 176 31.3089
189 70 70.5385
70 189 70.5385
264 192 92.1155
192 264 92.1155
52 261 19.8278
261 52 19.8278
296 297 36.0996
297 296 36.0996
167 249 42.6892
249 167 42.6892
246 278 64.941
278 246 64.941
311 241 29.9206
241 311 29.9206
151 211 46.4866
211 151 46.4866
136 167 50.3967
167 136 50.3967
161 149 65.3268
149 161 65.3268
19 184 36.0101
184 19 36.0101
192 156 56.2141
156 192 56.2141
273 47 82.2289
47 273 82.2289
101 159 58.1213
159 101 58.1213
119 89 35.7822
89 119 35.7822
25 60 54.1123
60 25 54.1123
117 50 24.1524
50 117 24.1524
210 254 79.9979
254 210 79.9979
171 84 93.3918
84 171 93.3918
208 16 48.9869
16 208 48.9869
182 299 11.2714
299 182 11.2714
117 313 27.3914
313 117 27.3914
116 176 96.571
176 116 96.571
274 169 47.3646
169 274 47.3646
290 102 96.7866
102 290 96.7866
185 79 99.6438
79 185 99.6438
15 151 59.1556
151 15 59.1556
139 8 20.3502
8 139 20.3502
250 237 40.2911
237 250 40.2911
187 167 16.3967
167 187 16.3967
222 141 61.1067
141 222 61.1067
136 108 58.397
108 136 58.397
94 250 72.7015
250 94 72.7015
3 97 82.9019
97 3 82.9019
122 236 62.3934
236 122 62.3934
307 101 58.0665
101 307 58.0665
264 305 39.3924
305 264 39.3924
314 98 40.4392
98 314 40.4392
151 154 11.0209
154 151 11.0209
233 304 63.6078
304 233 63.6078
185 276 91.2317
276 185 91.2317
292 128 64.8261
128 292 64.8261
309 65 70.4032
65 309 70.4032
93 309 65.9505
309 93 65.9505
33 81 14.5107
81 33 14.5107
16 212 10.2347
212 16 10.2347
13 31 14.9221
31 13 14.9221
260 275 80.1051
275 260 80.1051
192 277 38.6208
277 192 38.6208
60 11 10.3114
11 60 10.3114
137 314 83.055
314 137 83.055
174 242 27.3551
242 174 27.3551
71 108 47.7853
108 71 47.7853
84 107 61.8359
107 84 61.8359
160 17 52.3705
17 160 52.3705
137 253 21.3529
253 137 21.3529
220 108 27.7091
108 220 27.7091
88 16 97.7961
16 88 97.7961
47 24 24.1991
24 47 24.1991
121 24 72.0437
24 121 72.0437
66 275 51.3179
275 66 51.3179
186 303 34.6257
303 186 34.6257
78 176 18.3352
176 78 18.3352
279 239 85.7861
239 279 85.7861
35 82 20.5725
82 35 20.5725
227 118 49.9263
118 227 49.9263
17 117 90.4195
117 17 90.4195
12 267 10.0829
267 12 10.0829
264 39 65.7676
39 264 65.7676
75 247 93.7777
247 75 93.7777
285 248 54.7383
248 285 54.7383
40 45 32.9314
45 40 32.9314
94 109 29.6477
109 94 29.6477
303 226 31.2804
226 303 31.2804
180 215 98.1125
215 180 98.1125
24 312 12.0445
312 24 12.0445
135 153 40.4788
153 135 40.4788
152 30 66.8433
30 152 66.8433
157 166 66.7709
166 157 66.7709
296 155 67.5267
155 296 67.5267
277 16 82.2847
16 277 82.2847
103 303 54.8029
303 103 54.8029
107 141 19.116
141 107 19.116
251 75 54.7716
75 251 54.7716
36 65 49.7529
65 36 49.7529
106 151 11.446
151 106 11.446
242 42 94.1061
42 242 94.1061
253 282 16.368
282 253 16.368
190 84 47.58
84 190 47.58
277 299 57.5335
299 277 57.5335
282 212 23.1817
212 282 23.1817
20 264 83.4733
264 20 83.4733
102 130 23.5342
130 102 23.5342
70 10 77.8941
10 70 77.8941
103 31 88.3832
31 103 88.3832
313 234 87.4421
234 313 87.4421
223 267 24.4743
267 223 24.4743
182 191 42.8007
191 182 42.8007
131 202 15.2917
202 131 15.2917
109 46 95.7503
46 109 95.7503
124 176 70.7539
176 124 70.7539
287 139 55.4902
139 287 55.4902
117 33 76.6251
33 117 76.6251
178 303 32.9185
303 178 32.9185
213 61 94.7365
61 213 94.7365
38 61 58.528
61 38 58.528
2 275 43.2157
275 2 43.2157
36 91 72.3535
91 36 72.3535
109 173 35.0507
173 109 35.0507
74 289 17.4471
289 74 17.4471
62 261 14.8926
261 62 14.8926
67 58 73.4888
58 67 73.4888
109 84 62.919
84 109 62.919
133 60 57.7504
60 133 57.7504
32 49 40.3562
49 32 40.3562
201 39 47.6173
39 201 47.6173
44 160 71.5103
160 44 71.5103
229 282 71.7063
282 229 71.7063
103 207 76.9794
207 103 76.9794
102 181 49.9976
181 102 49.9976
17 5 16.8421
5 17 16.8421
98 257 14.6774
257 98 14.6774
55 307 57.5615
307 55 57.5615
16 305 32.193
305 16 32.193
177 101 19.422
101 177 19.422
5 269 55.0673
269 5 55.0673
12 76 45.3312
76 12 45.3312
233 235 37.9641
235 233 37.9641
171 183 58.0331
183 171 58.0331
227 65 78.9531
65 227 78.9531
206 236 31.3271
236 206 31.3271
68 75 33.2252
75 68 33.2252
242 63 53.7249
63 242 53.7249
110 242 41.3123
242 110 41.3123
88 207 81.5218
207 88 81.5218
282 243 47.0609
243 282 47.0609
203 60 94.7386
60 203 94.7386
240 173 66.3486
173 240 66.3486
146 54 53.2694
54 146 53.2694
304 127 89.4864
127 304 89.4864
139 40 50.2444
40 139 50.2444
13 94 59.296
94 13 59.296
134 42 88.2546
42 134 88.2546
277 64 14.7796
64 277 14.7796
49 185 20.3635
185 49 20.3635
208 27 81.1191
27 208 81.1191
51 247 80.272
247 51 80.272
99 71 57.3194
71 99 57.3194
305 146 58.8972
146 305 58.8972
192 124 81.1644
124 192 81.1644
313 38 96.8235
38 313 96.8235
168 85 34.5108
85 168 34.5108
179 113 45.3012
113 179 45.3012
118 106 76.0518
106 118 76.0518
11 102 55.0073
102 11 55.0073
139 10 95.5893
10 139 95.5893
168 130 76.5662
130 168 76.5662
289 219 11.1108
219 289 11.1108
215 279 89.3072
279 215 89.3072
287 87 79.6732
87 287 79.6732
302 34 11.5095
34 302 11.5095
144 304 67.681
304 144 67.681
60 285 86.4486
285 60 86.4486
6 276 21.1914
276 6 21.1914
212 89 43.4117
89 212 43.4117
195 55 74.6466
55 195 74.6466
177 215 22.1249
215 177 22.1249
55 226 40.4075
226 55 40.4075
197 50 48.7488
50 197 48.7488
244 88 15.0378
88 244 15.0378
300 176 73.8652
176 300 73.8652
32 261 62.754
261 32 62.754
160 10 28.7445
10 160 28.7445
235 259 69.8959
259 235 69.8959
63 40 10.317
40 63 10.317
23 5 90.8895
5 23 90.8895
89 13 17.0762
13 89 17.0762
217 291 60.3208
291 217 60.3208
210 64 90.1314
64 210 90.1314
85 1 60.7581
1 85 60.7581
8 222 18.9928
222 8 18.9928
36 255 10.7968
255 36 10.7968
33 133 46.7183
133 33 46.7183
313 315 39.89
315 313 39.89
207 143 26.0435
143 207 26.0435
315 305 24.2176
305 315 24.2176
22 172 21.3154
172 22 21.3154
115 51 43.6351
51 115 43.6351
146 131 19.806
131 146 19.806
73 67 56.8651
67 73 56.8651
281 244 42.2063
244 281 42.2063
214 160 39.5959
160 214 39.5959
88 86 10.3549
86 88 10.3549
150 111 92.7824
111 150 92.7824
135 10 19.6556
10 135 19.6556
223 229 90.4479
229 223 90.4479
301 288 19.4807
288 301 19.4807
197 254 55.4445
254 197 55.4445
118 172 38.8007
172 118 38.8007
10 279 49.9816
279 10 49.9816
201 194 51.1243
194 201 51.1243
33 57 33.3712
57 33 33.3712
94 150 59.5638
150 94 59.5638
202 253 67.312
253 202 67.312
202 194 69.4892
194 202 69.4892
25 115 38.7044
115 25 38.7044
156 90 49.131
90 156 49.131
267 112 40.8116
112 267 40.8116
45 196 40.6869
196 45 40.6869
252 240 52.7077
240 252 52.7077
224 38 79.9851
38 224 79.9851
68 51 38.2463
51 68 38.2463
127 178 48.0699
178 127 48.0699
32 100 50.4752
100 32 50.4752
218 10 27.4571
10 218 27.4571
230 246 51.2895
246 230 51.2895
112 215 99.8902
215 112 99.8902
254 84 64.8118
84 254 64.8118
26 77 31.6286
77 26 31.6286
208 111 71.8549
111 208 71.8549
117 227 79.8818
227 117 79.8818
87 231 42.5393
231 87 42.5393
17 228 12.4786
228 17 12.4786
100 101 11.3521
101 100 11.3521
291 279 48.3745
279 291 48.3745
286 270 42.6524
270 286 42.6524
74 254 68.5919
254 74 68.5919
260 95 57.0111
95 260 57.0111
55 35 49.993
35 55 49.993
20 204 75.5646
204 20 75.5646
221 290 93.7368
290 221 93.7368
203 108 27.6999
108 203 27.6999
245 210 75.9529
210 245 75.9529
26 265 18.2583
265 26 18.2583
150 289 87.1272
289 150 87.1272
261 26 31.5407
26 261 31.5407
7 52 72.6695
52 7 72.6695
259 122 19.2332
122 259 19.2332
252 156 68.636
156 252 68.636
156 205 13.6694
205 156 13.6694
41 199 78.3158
199 41 78.3158
131 126 65.225
126 131 65.225
77 127 56.8404
127 77 56.8404
117 246 69.7501
246 117 69.7501
292 271 11.6337
271 292 11.6337
26 297 92.5077
297 26 92.5077
19 0 62.0905
0 19 62.0905
64 266 59.3845
266 64 59.3845
127 276 76.5046
276 127 76.5046
105 33 59.323
33 105 59.323
163 206 78.2461
206 163 78.2461
24 217 74.7297
217 24 74.7297
47 297 14.7838
297 47 14.7838
180 202 54.3977
202 180 54.3977
297 313 34.7123
313 297 34.7123
276 297 81.3203
297 276 81.3203
116 131 24.6138
131 116 24.6138
209 287 11.0753
287 209 11.0753
220 86 69.8742
86 220 69.8742
150 171 73.0013
171 150 73.0013
197 281 99.0012
281 197 99.0012
131 22 48.6147
22 131 48.6147
302 115 77.6126
115 302 77.6126
75 164 41.9681
164 75 41.9681
159 183 35.6553
183 159 35.6553
188 166 50.7205
166 188 50.7205
73 184 84.1262
184 73 84.1262
258 5 49.1042
5 258 49.1042
233 22 62.1623
22 233 62.1623
182 161 54.8508
161 182 54.8508
272 255 22.4276
255 272 22.4276
176 29 69.5817
29 176 69.5817
29 185 33.6929
185 29 33.6929
32 4 13.9701
4 32 13.9701
190 136 45.2856
136 190 45.2856
124 194 25.8439
194 124 25.8439
88 174 22.2109
174 88 22.2109
54 67 88.3759
67 54 88.3759
147 181 68.1917
181 147 68.1917
189 191 32.4242
191 189 32.4242
48 289 24.4197
289 48 24.4197
279 191 73.4659
191 279 73.4659
10 216 12.8371
216 10 12.8371
76 190 99.8157
190 76 99.8157
297 188 52.6537
188 297 52.6537
119 122 80.0153
122 119 80.0153
124 206 21.0633
206 124 21.0633
146 11 40.9289
11 146 40.9289
208 284 72.1115
284 208 72.1115
42 33 42.3639
33 42 42.3639
156 271 19.414
271 156 19.414
218 133 30.423
133 218 30.423
295 114 32.7842
114 295 32.7842
262 82 65.6266
82 262 65.6266
234 100 53.5552
100 234 53.5552
110 3 96.4827
3 110 96.4827
41 22 68.9149
22 41 68.9149
209 120 74.4198
120 209 74.4198
282 49 54.3559
49 282 54.3559
73 112 38.13
112 73 38.13
211 279 84.0545
279 211 84.0545
247 14 75.8642
14 247 75.8642
29 11 41.241
11 29 41.241
260 157 76.298
157 260 76.298
7 99 92.8748
99 7 92.8748
153 223 32.0506
223 153 32.0506
71 101 60.5907
101 71 60.5907
65 121 86.6073
121 65 86.6073
136 188 47.9252
188 136 47.9252
79 9 18.2771
9 79 18.2771
311 196 24.1412
196 311 24.1412
210 2 80.3279
2 210 80.3279
12 14 83.9725
14 12 83.9725
185 99 68.804
99 185 68.804
196 125 26.3024
125 196 26.3024
264 109 12.3444
109 264 12.3444
252 178 92.7952
178 252 92.7952
131 36 37.2533
36 131 37.2533
305 130 38.7171
130 305 38.7171
183 310 91.8342
310 183 91.8342
59 263 51.4782
263 59 51.4782
250 271 52.9817
271 250 52.9817
178 298 23.705
298 178 23.705
185 231 75.202
231 185 75.202
224 242 50.5001
242 224 50.5001
267 41 18.4711
41 267 18.4711
184 189 21.7177
189 184 21.7177
10 155 38.1039
155 10 38.1039
310 212 98.7377
212 310 98.7377
115 217 43.5162
217 115 43.5162
291 251 55.3023
251 291 55.3023
148 164 78.6332
164 148 78.6332
233 298 57.1987
298 233 57.1987
147 193 47.2869
193 147 47.2869
153 99 71.3214
99 153 71.3214
119 10 56.5439
10 119 56.5439
173 4 86.8294
4 173 86.8294
82 122 35.4111
122 82 35.4111
148 257 70.978
257 148 70.978
248 120 41.2815
120 248 41.2815
261 252 18.1647
252 261 18.1647
57 156 14.4253
156 57 14.4253
196 160 38.7032
160 196 38.7032
199 7 82.3208
7 199 82.3208
14 167 53.9788
167 14 53.9788
288 149 11.6305
149 288 11.6305
145 229 90.8164
229 145 90.8164
46 236 13.7594
236 46 13.7594
200 166 59.8574
166 200 59.8574
44 18 66.2774
18 44 66.2774
15 126 16.5585
126 15 16.5585
220 297 59.7302
297 220 59.7302
48 281 88.9181
281 48 88.9181
94 207 15.8335
207 94 15.8335
270 272 54.8646
272 270 54.8646
313 95 94.674
95 313 94.674
43 231 13.8926
231 43 13.8926
271 145 54.4567
145 271 54.4567
16 56 72.5166
56 16 72.5166
111 202 62.8306
202 111 62.8306
172 125 13.2884
125 172 13.2884
89 166 57.8934
166 89 57.8934
197 6 86.3415
6 197 86.3415
74 17 35.5407
17 74 35.5407
154 52 45.5483
52 154 45.5483
94 18 96.1359
18 94 96.1359
238 46 85.6935
46 238 85.6935
272 236 44.4874
236 272 44.4874
28 60 76.9502
60 28 76.9502
170 232 47.8363
232 170 47.8363
24 134 12.4361
134 24 12.4361
150 312 17.5573
312 150 17.5573
53 176 58.7542
176 53 58.7542
252 306 36.5626
306 252 36.5626
268 227 50.6854
227 268 50.6854
313 219 72.6125
219 313 72.6125
203 213 58.3611
213 203 58.3611
214 106 82.5997
106 214 82.5997
28 185 53.2088
185 28 53.2088
194 26 68.6898
26 194 68.6898
170 225 23.7407
225 170 23.7407
26 243 96.8413
243 26 96.8413
162 241 68.7718
241 162 68.7718
60 66 50.0518
66 60 50.0518
16 301 64.8395
301 16 64.8395
218 134 99.3268
134 218 99.3268
104 29 52.6252
29 104 52.6252
234 255 86.3417
255 234 86.3417
71 259 20.1129
259 71 20.1129
150 287 54.4222
287 150 54.4222
103 278 81.0093
278 103 81.0093
76 302 23.6329
302 76 23.6329
5 197 45.5254
197 5 45.5254
254 315 26.0624
315 254 26.0624
35 49 98.2086
49 35 98.2086
158 38 79.9397
38 158 79.9397
225 95 56.3316
95 225 56.3316
302 81 92.6008
81 302 92.6008
188 33 87.6802
33 188 87.6802
260 92 95.1519
92 260 95.1519
167 241 45.4493
241 167 45.4493
303 170 13.6566
170 303 13.6566
163 222 22.9454
222 163 22.9454
70 254 10.8846
254 70 10.8846
306 68 89.2863
68 306 89.2863
308 93 99.7658
93 308 99.7658
73 21 76.837
21 73 76.837
23 97 57.4323
97 23 57.4323
24 23 97.4172
23 24 97.4172
186 281 11.8118
281 186 11.8118
127 94 79.1488
94 127 79.1488
138 141 40.5369
141 138 40.5369
237 136 47.8741
136 237 47.8741
235 231 56.8491
231 235 56.8491
270 250 14.9322
250 270 14.9322
34 121 43.3315
121 34 43.3315
137 207 13.2339
207 137 13.2339
282 256 56.0349
256 282 56.0349
65 235 35.7717
235 65 35.7717
69 276 59.7225
276 69 59.7225
200 218 85.8054
218 200 85.8054
0 75 72.8335
75 0 72.8335
268 15 52.151
15 268 52.151
167 74 89.4701
74 167 89.4701
29 174 41.2912
174 29 41.2912
292 254 62.635
254 292 62.635
275 272 43.9877
272 275 43.9877
256 113 78.6446
113 256 78.6446
33 307 21.0626
307 33 21.0626
140 148 41.8321
148 140 41.8321
58 234 28.3002
234 58 28.3002
300 203 30.2996
203 300 30.2996
234 66 72.0659
66 234 72.0659
306 208 36.224
208 306 36.224
2 103 26.761
103 2 26.761
159 285 54.9726
285 159 54.9726
38 12 55.0722
12 38 55.0722
27 66 71.7388
66 27 71.7388
45 75 91.8521
75 45 91.8521
311 132 84.1006
132 311 84.1006
276 179 54.3489
179 276 54.3489
178 206 80.9268
206 178 80.9268
218 150 35.0884
150 218 35.0884
229 193 83.2691
193 229 83.2691
235 217 48.8282
217 235 48.8282
198 116 48.1029
116 198 48.1029
48 286 84.1128
286 48 84.1128
253 140 44.5214
140 253 44.5214
246 245 90.4701
245 246 90.4701
59 145 54.1816
145 59 54.1816
138 221 67.3114
221 138 67.3114
256 296 62.0996
296 256 62.0996
279 158 28.33
158 279 28.33
213 9 82.858
9 213 82.858
101 281 79.211
281 101 79.211
139 305 29.3797
305 139 29.3797
47 153 98.4819
153 47 98.4819
254 269 62.8158
269 254 62.8158
113 286 77.7413
286 113 77.7413
187 191 54.8157
191 187 54.8157
199 43 20.2103
43 199 20.2103
30 2 54.8131
2 30 54.8131
147 114 73.2902
114 147 73.2902
133 77 60.5675
77 133 60.5675
213 62 35.2689
62 213 35.2689
119 72 30.8937
72 119 30.8937
64 233 97.527
233 64 97.527
73 291 84.7183
291 73 84.7183
8 215 98.9197
215 8 98.9197
131 5 97.7893
5 131 97.7893
301 94 87.791
94 301 87.791
148 112 51.4649
112 148 51.4649
88 105 75.552
105 88 75.552
72 85 28.5399
85 72 28.5399
186 169 68.0455
169 186 68.0455
254 118 88.7399
118 254 88.7399
256 291 22.8225
291 256 22.8225
263 275 44.7286
275 263 44.7286
44 75 26.2882
75 44 26.2882
37 136 44.7684
136 37 44.7684
39 282 11.0854
282 39 11.0854
63 149 83.6854
149 63 83.6854
53 79 45.0094
79 53 45.0094
91 98 15.4844
98 91 15.4844
55 121 46.3734
121 55 46.3734
10 137 67.4831
137 10 67.4831
304 218 25.9076
218 304 25.9076
193 162 25.4063
162 193 25.4063
263 238 52.5559
238 263 52.5559
53 314 45.0039
314 53 45.0039
54 80 50.6291
80 54 50.6291
294 26 92.8065
26 294 92.8065
250 137 82.6594
137 250 82.6594
201 158 19.9373
158 201 19.9373
5 130 37.3446
130 5 37.3446
35 219 73.7376
219 35 73.7376
280 217 73.0974
217 280 73.0974
243 277 34.8609
277 243 34.8609
95 65 74.1894
65 95 74.1894
64 224 66.8883
224 64 66.8883
113 197 90.6359
197 113 90.6359
176 7 92.3315
7 176 92.3315
148 126 24.1015
126 148 24.1015
275 205 16.5869
205 275 16.5869
282 38 17.3643
38 282 17.3643
42 223 91.0458
223 42 91.0458
239 258 75.0917
258 239 75.0917
278 266 29.7118
266 278 29.7118
243 136 42.7491
136 243 42.7491
98 146 23.8339
146 98 23.8339
28 299 14.8429
299 28 14.8429
141 89 41.7897
89 141 41.7897
90 190 28.6716
190 90 28.6716
255 219 94.2277
219 255 94.2277
303 137 15.2162
137 303 15.2162
264 248 53.1005
248 264 53.1005
256 29 24.5113
29 256 24.5113
233 149 12.2169
149 233 12.2169
142 151 85.0302
151 142 85.0302
262 75 32.9549
75 262 32.9549
291 186 28.1067
186 291 28.1067
193 84 36.7928
84 193 36.7928
44 229 10.833
229 44 10.833
250 176 61.5561
176 250 61.5561
30 58 87.0552
58 30 87.0552
24 159 50.1391
159 24 50.1391
263 96 76.5504
96 263 76.5504
130 132 92.503
132 130 92.503
174 66 38.4806
66 174 38.4806
17 219 73.7391
219 17 73.7391
247 66 41.5122
66 247 41.5122
178 245 34.457
245 178 34.457
313 101 15.8437
101 313 15.8437
3 290 76.142
290 3 76.142
284 47 79.4092
47 284 79.4092
285 308 18.464
308 285 18.464
149 52 66.0641
52 149 66.0641
33 216 50.6585
216 33 50.6585
110 284 97.9271
284 110 97.9271
203 137 99.6859
137 203 99.6859
275 115 34.2285
115 275 34.2285
205 209 44.6343
209 205 44.6343
281 37 71.256
37 281 71.256
152 83 61.7663
83 152 61.7663
138 80 23.5552
80 138 23.5552
100 202 83.1043
202 100 83.1043
16 141 10.6018
141 16 10.6018
36 40 12.066
40 36 12.066
197 236 43.508
236 197 43.508
60 312 86.822
312 60 86.822
212 95 76.2583
95 212 76.2583
179 172 71.1669
172 179 71.1669
186 144 86.1388
144 186 86.1388
178 15 56.4032
15 178 56.4032
153 267 24.5738
267 153 24.5738
193 275 87.012
275 193 87.012
157 302 93.3774
302 157 93.3774
188 249 47.656
249 188 47.656
193 72 42.1421
72 193 42.1421
232 192 78.9088
192 232 78.9088
239 37 39.867
37 239 39.867
87 128 40.1598
128 87 40.1598
80 49 80.6991
49 80 80.6991
90 283 29.092
283 90 29.092
274 58 15.6492
58 274 15.6492
179 34 94.707
34 179 94.707
158 222 73.8641
222 158 73.8641
138 69 25.1416
69 138 25.1416
35 206 30.6891
206 35 30.6891
209 228 14.2266
228 209 14.2266
168 247 63.0063
247 168 63.0063
52 293 60.6066
293 52 60.6066
280 239 21.4149
239 280 21.4149
13 288 34.0863
288 13 34.0863
166 36 78.9914
36 166 78.9914
215 43 36.0771
43 215 36.0771
122 80 23.8275
80 122 23.8275
248 230 11.2942
230 248 11.2942
188 199 35.2753
199 188 35.2753
211 238 10.6324
238 211 10.6324
115 54 36.2563
54 115 36.2563
86 133 70.5269
133 86 70.5269
9 227 98.5524
227 9 98.5524
51 214 57.8237
214 51 57.8237
274 142 57.5591
142 274 57.5591
143 26 37.3905
26 143 37.3905
157 311 49.0223
311 157 49.0223
32 275 40.0366
275 32 40.0366
114 7 70.5957
7 114 70.5957
163 97 65.8468
97 163 65.8468
147 205 77.6271
205 147 77.6271
264 184 39.6878
184 264 39.6878
182 222 54.8438
222 182 54.8438
76 244 15.6775
244 76 15.6775
1 206 90.7151
206 1 90.7151
241 262 11.7789
262 241 11.7789
62 186 29.1156
186 62 29.1156
294 257 68.0693
257 294 68.0693
265 13 13.3569
13 265 13.3569
213 168 49.4931
168 213 49.4931
304 286 87.3078
286 304 87.3078
225 3 18.2472
3 225 18.2472
272 151 72.1507
151 272 72.1507
137 106 39.5141
106 137 39.5141
25 82 95.6884
82 25 95.6884
301 58 86.4554
58 301 86.4554
36 169 34.2834
169 36 34.2834
167 189 84.2399
189 167 84.2399
286 140 14.7681
140 286 14.7681
