295 3242 162 273
1 0 46.4266
0 1 46.4266
2 0 10.077
0 2 10.077
3 2 81.214
2 3 81.214
4 1 25.9874
1 4 25.9874
5 4 75.8521
4 5 75.8521
6 5 36.6679
5 6 36.6679
7 4 77.8345
4 7 77.8345
8 3 14.6189
3 8 14.6189
9 3 96.4643
3 9 96.4643
10 8 24.6185
8 10 24.6185
11 1 97.2946
1 11 97.2946
12 5 77.0128
5 12 77.0128
13 7 68.3263
7 13 68.3263
14 2 59.5806
2 14 59.5806
15 8 35.5701
8 15 35.5701
16 15 18.5491
15 16 18.5491
17 9 85.0521
9 17 85.0521
18 6 61.0599
6 18 61.0599
19 2 54.0107
2 19 54.0107
20 0 82.9149
0 20 82.9149
21 0 10.8285
0 21 10.8285
22 19 99.1089
19 22 99.1089
23 3 77.5615
3 23 77.5615
24 11 85.8345
11 24 85.8345
25 20 49.6536
20 25 49.6536
26 19 35.1839
19 26 35.1839
27 25 40.8677
25 27 40.8677
28 4 63.2616
4 28 63.2616
29 18 51.6993
18 29 51.6993
30 15 10.2801
15 30 10.2801
31 5 63.6351
5 31 63.6351
32 0 18.7941
0 32 18.7941
33 28 78.8383
28 33 78.8383
34 9 54.6477
9 34 54.6477
35 27 56.2237
27 35 56.2237
36 4 93.0215
4 36 93.0215
37 22 81.8074
22 37 81.8074
38 30 68.4462
30 38 68.4462
39 13 22.1139
13 39 22.1139
40 31 65.4475
31 40 65.4475
41 1 27.8046
1 41 27.8046
42 34 19.9081
34 42 19.9081
43 29 14.2116
29 43 14.2116
44 19 48.926
19 44 48.926
45 1 22.9423
1 45 22.9423
46 10 79.7834
10 46 79.7834
47 25 36.9711
25 47 36.9711
48 22 27.2903
22 48 27.2903
49 11 37.6926
11 49 37.6926
50 41 94.9556
41 50 94.9556
51 6 73.9216
6 51 73.9216
52 51 80.292
51 52 80.292
53 12 18.6051
12 53 18.6051
54 9 48.1947
9 54 48.1947
55 10 34.1087
10 55 34.1087
56 31 88.7635
31 56 88.7635
57 6 51.3082
6 57 51.3082
58 24 92.5829
24 58 92.5829
59 0 14.6029
0 59 14.6029
60 26 59.5951
26 60 59.5951
61 58 67.8594
58 61 67.8594
62 28 35.0643
28 62 35.0643
63 49 33.6936
49 63 33.6936
64 19 81.596
19 64 81.596
65 55 18.4431
55 65 18.4431
66 47 73.5926
47 66 73.5926
67 44 43.4468
44 67 43.4468
68 56 47.2102
56 68 47.2102
69 11 10.5543
11 69 10.5543
70 8 10.2561
8 70 10.2561
71 21 59.88
21 71 59.88
72 63 45.6689
63 72 45.6689
73 50 26.0715
50 73 26.0715
74 21 45.3246
21 74 45.3246
75 5 26.3465
5 75 26.3465
76 9 73.0747
9 76 73.0747
77 20 43.6935
20 77 43.6935
78 40 66.386
40 78 66.386
79 6 46.3635
6 79 46.3635
80 23 67.1165
23 80 67.1165
81 19 67.8039
19 81 67.8039
82 3 57.5351
3 82 57.5351
83 15 68.5876
15 83 68.5876
84 39 11.0669
39 84 11.0669
85 63 60.9593
63 85 60.9593
86 22 50.5368
22 86 50.5368
87 54 36.429
54 87 36.429
88 28 42.6431
28 88 42.6431
89 55 89.2064
55 89 89.2064
90 1 37.4285
1 90 37.4285
91 11 21.5235
11 91 21.5235
92 34 12.9603
34 92 12.9603
93 24 82.8123
24 93 82.8123
94 79 73.9772
79 94 73.9772
95 15 92.4385
15 95 92.4385
96 38 92.1395
38 96 92.1395
97 0 88.2145
0 97 88.2145
98 66 44.7531
66 98 44.7531
99 22 32.9054
22 99 32.9054
100 94 96.6289
94 100 96.6289
101 13 58.4791
13 101 58.4791
102 79 39.124
79 102 39.124
103 65 81.005
65 103 81.005
104 103 45.5874
103 104 45.5874
105 64 65.7192
64 105 65.7192
106 15 79.8575
15 106 79.8575
107 82 67.7734
82 107 67.7734
108 56 18.1084
56 108 18.1084
109 76 76.2252
76 109 76.2252
110 75 96.0991
75 110 96.0991
111 37 93.8406
37 111 93.8406
112 88 90.995
88 112 90.995
113 9 52.7467
9 113 52.7467
114 75 67.2324
75 114 67.2324
115 20 17.6934
20 115 17.6934
116 21 43.151
21 116 43.151
117 96 56.0467
96 117 56.0467
118 0 76.1639
0 118 76.1639
119 93 45.5475
93 119 45.5475
120 2 34.3274
2 120 34.3274
121 44 79.1347
44 121 79.1347
122 10 11.9108
10 122 11.9108
123 108 35.3167
108 123 35.3167
124 78 88.185
78 124 88.185
125 3 52.9787
3 125 52.9787
126 114 13.4509
114 126 13.4509
127 109 73.6635
109 127 73.6635
128 3 62.6423
3 128 62.6423
129 42 33.0684
42 129 33.0684
130 59 53.5352
59 130 53.5352
131 75 20.3891
75 131 20.3891
132 69 17.5694
69 132 17.5694
133 113 64.5949
113 133 64.5949
134 52 32.5758
52 134 32.5758
135 92 90.1806
92 135 90.1806
136 93 53.7289
93 136 53.7289
137 133 90.8591
133 137 90.8591
138 75 44.7056
75 138 44.7056
139 74 77.0203
74 139 77.0203
140 92 94.5402
92 140 94.5402
141 24 20.5214
24 141 20.5214
142 124 33.6355
124 142 33.6355
143 84 64.7565
84 143 64.7565
144 10 68.0379
10 144 68.0379
145 7 26.3698
7 145 26.3698
146 48 11.6862
48 146 11.6862
147 4 13.3749
4 147 13.3749
148 120 23.0089
120 148 23.0089
149 4 92.3211
4 149 92.3211
150 60 49.7316
60 150 49.7316
151 54 22.2439
54 151 22.2439
152 25 28.5937
25 152 28.5937
153 125 12.1431
125 153 12.1431
154 41 69.2965
41 154 69.2965
155 110 46.3942
110 155 46.3942
156 90 92.1618
90 156 92.1618
157 50 39.3208
50 157 39.3208
158 81 11.0734
81 158 11.0734
159 58 56.8994
58 159 56.8994
160 139 29.967
139 160 29.967
161 57 40.5336
57 161 40.5336
162 100 39.1284
100 162 39.1284
163 106 26.22
106 163 26.22
164 64 39.0285
64 164 39.0285
165 164 28.9831
164 165 28.9831
166 128 51.685
128 166 51.685
167 161 93.5815
161 167 93.5815
168 96 40.4293
96 168 40.4293
169 6 17.7303
6 169 17.7303
170 86 65.6631
86 170 65.6631
171 145 99.0911
145 171 99.0911
172 157 17.117
157 172 17.117
173 48 59.1764
48 173 59.1764
174 102 25.7098
102 174 25.7098
175 3 63.7809
3 175 63.7809
176 86 89.0282
86 176 89.0282
177 92 61.6095
92 177 61.6095
178 114 13.0451
114 178 13.0451
179 175 50.6739
175 179 50.6739
180 64 18.6249
64 180 18.6249
181 140 20.676
140 181 20.676
182 83 13.8652
83 182 13.8652
183 19 67.8036
19 183 67.8036
184 114 75.3313
114 184 75.3313
185 70 34.1608
70 185 34.1608
186 130 64.7742
130 186 64.7742
187 171 21.6051
171 187 21.6051
188 0 17.8964
0 188 17.8964
189 166 40.2833
166 189 40.2833
190 68 84.0047
68 190 84.0047
191 98 21.4553
98 191 21.4553
192 12 45.2362
12 192 45.2362
193 107 21.3498
107 193 21.3498
194 193 62.8522
193 194 62.8522
195 166 61.1603
166 195 61.1603
196 100 86.8819
100 196 86.8819
197 145 63.2595
145 197 63.2595
198 70 72.4645
70 198 72.4645
199 170 60.4643
170 199 60.4643
200 180 97.2872
180 200 97.2872
201 62 52.6056
62 201 52.6056
202 85 29.3705
85 202 29.3705
203 179 65.54
179 203 65.54
204 68 43.7427
68 204 43.7427
205 196 94.2567
196 205 94.2567
206 40 74.3732
40 206 74.3732
207 86 12.6323
86 207 12.6323
208 165 31.6515
165 208 31.6515
209 165 17.4733
165 209 17.4733
210 102 20.0452
102 210 20.0452
211 12 37.1993
12 211 37.1993
212 133 50.1189
133 212 50.1189
213 29 12.7474
29 213 12.7474
214 88 19.8291
88 214 19.8291
215 188 24.3352
188 215 24.3352
216 75 42.8163
75 216 42.8163
217 97 21.9591
97 217 21.9591
218 195 90.3103
195 218 90.3103
219 64 26.4825
64 219 26.4825
220 92 63.102
92 220 63.102
221 2 90.3367
2 221 90.3367
222 11 36.6329
11 222 36.6329
223 80 48.8731
80 223 48.8731
224 17 38.2071
17 224 38.2071
225 76 70.6558
76 225 70.6558
226 81 72.7421
81 226 72.7421
227 28 23.4995
28 227 23.4995
228 227 97.4361
227 228 97.4361
229 3 69.1458
3 229 69.1458
230 193 36.656
193 230 36.656
231 148 13.6072
148 231 13.6072
232 121 83.9738
121 232 83.9738
233 151 74.9447
151 233 74.9447
234 230 37.0705
230 234 37.0705
235 212 59.9962
212 235 59.9962
236 151 80.5618
151 236 80.5618
237 101 40.3363
101 237 40.3363
238 168 61.5096
168 238 61.5096
239 217 29.4252
217 239 29.4252
240 179 97.1865
179 240 97.1865
241 231 21.9282
231 241 21.9282
242 190 73.3871
190 242 73.3871
243 112 13.3501
112 243 13.3501
244 236 48.7107
236 244 48.7107
245 180 36.7729
180 245 36.7729
246 212 31.8098
212 246 31.8098
247 102 54.6119
102 247 54.6119
248 97 22.8428
97 248 22.8428
249 175 26.7815
175 249 26.7815
250 245 48.2233
245 250 48.2233
251 10 19.7341
10 251 19.7341
252 3 39.7962
3 252 39.7962
253 247 16.2858
247 253 16.2858
254 23 35.2632
23 254 35.2632
255 9 51.0903
9 255 51.0903
256 164 43.077
164 256 43.077
257 121 72.0771
121 257 72.0771
258 195 73.6591
195 258 73.6591
259 159 79.1628
159 259 79.1628
260 36 59.936
36 260 59.936
261 172 15.6374
172 261 15.6374
262 99 46.1621
99 262 46.1621
263 164 88.8781
164 263 88.8781
264 71 98.5214
71 264 98.5214
265 64 81.5405
64 265 81.5405
266 176 46.7793
176 266 46.7793
267 263 82.1824
263 267 82.1824
268 14 86.5313
14 268 86.5313
269 31 47.9195
31 269 47.9195
270 146 22.8133
146 270 22.8133
271 146 96.4542
146 271 96.4542
272 68 20.3804
68 272 20.3804
273 153 81.1991
153 273 81.1991
274 182 47.9363
182 274 47.9363
275 92 44.8642
92 275 44.8642
276 80 16.587
80 276 16.587
277 51 21.8919
51 277 21.8919
278 105 48.9861
105 278 48.9861
279 12 81.2263
12 279 81.2263
280 151 31.6831
151 280 31.6831
281 153 41.091
153 281 41.091
282 177 97.9952
177 282 97.9952
283 46 74.6132
46 283 74.6132
284 230 33.3322
230 284 33.3322
285 240 97.6216
240 285 97.6216
286 119 71.1048
119 286 71.1048
287 128 80.1512
128 287 80.1512
288 23 37.6216
23 288 37.6216
289 90 17.4745
90 289 17.4745
290 209 58.9397
209 290 58.9397
291 276 25.5069
276 291 25.5069
292 183 67.5033
183 292 67.5033
293 206 77.205
206 293 77.205
294 56 19.3862
56 294 19.3862
278 217 95.7327
217 278 95.7327
71 223 46.305
223 71 46.305
160 170 86.6086
170 160 86.6086
278 104 65.9987
104 278 65.9987
84 235 59.5431
235 84 59.5431
250 178 70.7952
178 250 70.7952
204 120 86.69
120 204 86.69
157 17 31.0874
17 157 31.0874
70 136 90.7459
136 70 90.7459
294 228 15.1672
228 294 15.1672
192 216 10.954
216 192 10.954
39 210 63.3751
210 39 63.3751
52 142 25.9782
142 52 25.9782
194 56 38.784
56 194 38.784
260 85 85.9529
85 260 85.9529
120 18 72.4771
18 120 72.4771
31 15 74.4184
15 31 74.4184
273 267 65.2084
267 273 65.2084
73 47 43.1896
47 73 43.1896
275 38 75.3488
38 275 75.3488
187 248 55.0983
248 187 55.0983
238 279 79.3821
279 238 79.3821
84 119 11.6816
119 84 11.6816
44 38 68.4176
38 44 68.4176
7 284 26.8071
284 7 26.8071
93 289 36.3552
289 93 36.3552
237 197 96.3791
197 237 96.3791
46 291 20.3678
291 46 20.3678
271 11 32.5315
11 271 32.5315
20 286 13.7838
286 20 13.7838
127 103 37.7896
103 127 37.7896
176 126 59.7997
126 176 59.7997
128 122 43.9581
122 128 43.9581
270 109 99.7622
109 270 99.7622
34 148 95.6891
148 34 95.6891
87 175 30.7042
175 87 30.7042
130 262 26.6518
262 130 26.6518
32 266 50.0046
266 32 50.0046
110 107 59.0832
107 110 59.0832
169 222 36.0873
222 169 36.0873
116 220 46.8171
220 116 46.8171
258 0 71.6694
0 258 71.6694
149 7 16.0252
7 149 16.0252
220 141 15.5317
141 220 15.5317
223 136 41.4029
136 223 41.4029
61 264 30.8727
264 61 30.8727
271 277 83.9816
277 271 83.9816
126 203 49.1061
203 126 49.1061
20 216 18.8675
216 20 18.8675
239 83 74.3425
83 239 74.3425
201 140 81.9903
140 201 81.9903
249 68 77.5925
68 249 77.5925
58 108 96.3701
108 58 96.3701
1 167 62.4224
167 1 62.4224
118 32 89.5955
32 118 89.5955
161 135 18.8909
135 161 18.8909
189 222 58.5613
222 189 58.5613
93 52 96.3643
52 93 96.3643
221 159 15.6049
159 221 15.6049
219 222 35.8121
222 219 35.8121
155 194 86.0085
194 155 86.0085
274 12 24.6283
12 274 24.6283
159 72 35.9595
72 159 35.9595
266 241 39.98
241 266 39.98
115 85 23.6435
85 115 23.6435
249 17 76.1463
17 249 76.1463
196 276 82.4809
276 196 82.4809
87 286 14.4918
286 87 14.4918
151 74 95.2638
74 151 95.2638
150 31 97.0213
31 150 97.0213
260 108 72.811
108 260 72.811
181 145 59.2303
145 181 59.2303
143 115 83.3947
115 143 83.3947
5 107 81.1871
107 5 81.1871
128 40 76.5127
40 128 76.5127
111 147 69.3443
147 111 69.3443
255 162 82.6913
162 255 82.6913
239 243 53.9041
243 239 53.9041
46 138 62.6678
138 46 62.6678
17 153 19.1769
153 17 19.1769
56 267 85.1316
267 56 85.1316
208 103 79.4971
103 208 79.4971
294 164 81.7817
164 294 81.7817
220 95 41.2014
95 220 41.2014
37 237 72.8857
237 37 72.8857
241 191 25.4133
191 241 25.4133
209 196 85.0248
196 209 85.0248
155 125 58.6871
125 155 58.6871
42 145 32.1231
145 42 32.1231
70 169 24.5519
169 70 24.5519
71 156 76.3086
156 71 76.3086
131 65 69.809
65 131 69.809
281 117 34.0219
117 281 34.0219
81 9 12.17
9 81 12.17
138 79 33.2351
79 138 33.2351
180 226 57.3813
226 180 57.3813
236 75 28.4559
75 236 28.4559
135 4 40.706
4 135 40.706
51 113 76.2361
113 51 76.2361
140 82 34.7145
82 140 34.7145
63 110 70.1668
110 63 70.1668
102 8 22.3121
8 102 22.3121
47 44 76.2546
44 47 76.2546
89 244 53.1322
244 89 53.1322
29 82 31.2871
82 29 31.2871
261 68 66.6925
68 261 66.6925
45 15 53.2284
15 45 53.2284
212 257 25.5225
257 212 25.5225
119 3 68.775
3 119 68.775
20 253 96.6399
253 20 96.6399
214 272 75.8711
272 214 75.8711
243 139 57.0068
139 243 57.0068
181 77 22.9483
77 181 22.9483
109 275 66.9978
275 109 66.9978
11 6 22.7894
6 11 22.7894
33 229 75.2704
229 33 75.2704
285 208 99.8549
208 285 99.8549
47 257 47.9146
257 47 47.9146
70 278 61.4853
278 70 61.4853
219 27 71.8529
27 219 71.8529
152 107 34.2016
107 152 34.2016
89 235 83.168
235 89 83.168
15 147 11.1078
147 15 11.1078
15 216 93.8396
216 15 93.8396
49 75 67.2833
75 49 67.2833
240 208 72.3814
208 240 72.3814
209 205 85.3252
205 209 85.3252
139 9 56.8792
9 139 56.8792
231 2 81.6826
2 231 81.6826
283 95 61.9499
95 283 61.9499
117 27 88.9026
27 117 88.9026
168 14 88.1728
14 168 88.1728
241 125 60.4577
125 241 60.4577
236 272 38.6622
272 236 38.6622
206 47 55.0787
47 206 55.0787
244 22 86.9579
22 244 86.9579
214 26 74.6177
26 214 74.6177
173 278 41.8525
278 173 41.8525
86 84 31.5887
84 86 31.5887
123 72 22.1531
72 123 22.1531
16 220 69.1066
220 16 69.1066
268 250 50.9696
250 268 50.9696
269 125 47.5407
125 269 47.5407
170 248 36.346
248 170 36.346
136 121 64.7635
121 136 64.7635
29 187 80.5719
187 29 80.5719
87 241 84.6931
241 87 84.6931
188 182 57.0988
182 188 57.0988
96 44 42.9517
44 96 42.9517
238 190 44.0855
190 238 44.0855
75 191 68.4768
191 75 68.4768
180 105 50.3556
105 180 50.3556
237 92 73.5424
92 237 73.5424
0 240 95.116
240 0 95.116
118 170 14.7644
170 118 14.7644
156 203 56.0727
203 156 56.0727
15 140 54.387
140 15 54.387
140 182 40.5579
182 140 40.5579
95 88 61.6396
88 95 61.6396
243 154 87.9831
154 243 87.9831
180 263 48.1725
263 180 48.1725
166 175 89.9329
175 166 89.9329
263 29 66.9449
29 263 66.9449
14 194 40.3697
194 14 40.3697
140 43 79.8849
43 140 79.8849
67 269 81.8624
269 67 81.8624
29 247 18.2192
247 29 18.2192
216 260 50.77
260 216 50.77
168 116 44.4259
116 168 44.4259
172 138 89.0913
138 172 89.0913
273 285 42.8849
285 273 42.8849
96 265 57.2995
265 96 57.2995
0 81 70.8136
81 0 70.8136
107 40 88.059
40 107 88.059
93 69 10.2692
69 93 10.2692
38 282 39.8981
282 38 39.8981
190 166 74.7602
166 190 74.7602
95 157 16.5308
157 95 16.5308
288 282 75.6435
282 288 75.6435
136 72 59.4545
72 136 59.4545
165 222 14.2043
222 165 14.2043
241 34 19.6469
34 241 19.6469
264 270 51.9029
270 264 51.9029
251 6 68.8308
6 251 68.8308
180 234 27.9678
234 180 27.9678
220 177 72.7218
177 220 72.7218
251 285 78.2327
285 251 78.2327
34 275 76.6118
275 34 76.6118
255 143 77.3611
143 255 77.3611
109 204 36.0046
204 109 36.0046
117 75 98.2647
75 117 98.2647
25 168 46.7034
168 25 46.7034
17 246 59.9308
246 17 59.9308
161 28 85.1953
28 161 85.1953
106 256 66.4619
256 106 66.4619
198 186 81.2655
186 198 81.2655
234 61 90.5264
61 234 90.5264
18 149 81.6741
149 18 81.6741
18 44 21.7151
44 18 21.7151
234 147 12.5048
147 234 12.5048
170 264 14.6014
264 170 14.6014
70 2 84.837
2 70 84.837
42 89 65.1588
89 42 65.1588
12 70 31.0037
70 12 31.0037
151 157 13.4631
157 151 13.4631
261 196 41.5777
196 261 41.5777
234 6 81.1933
6 234 81.1933
66 90 71.2056
90 66 71.2056
244 126 81.5822
126 244 81.5822
138 271 14.9258
271 138 14.9258
126 224 78.8268
224 126 78.8268
59 178 20.8547
178 59 20.8547
63 181 15.2866
181 63 15.2866
282 55 62.9805
55 282 62.9805
17 180 78.4545
180 17 78.4545
242 37 77.6604
37 242 77.6604
273 244 80.5834
244 273 80.5834
154 2 93.7094
2 154 93.7094
22 105 57.3179
105 22 57.3179
63 45 68.1673
45 63 68.1673
269 15 78.9323
15 269 78.9323
229 214 59.7932
214 229 59.7932
249 71 70.3798
71 249 70.3798
225 11 97.0589
11 225 97.0589
97 85 14.411
85 97 14.411
133 231 71.7682
231 133 71.7682
123 180 20.5993
180 123 20.5993
27 279 69.5775
279 27 69.5775
290 49 70.6564
49 290 70.6564
257 23 77.1624
23 257 77.1624
254 280 81.8439
280 254 81.8439
264 169 12.8423
169 264 12.8423
52 85 23.4111
85 52 23.4111
79 124 18.4677
124 79 18.4677
127 171 16.8629
171 127 16.8629
154 62 24.3594
62 154 24.3594
175 261 32.6754
261 175 32.6754
166 51 50.8021
51 166 50.8021
124 46 59.1916
46 124 59.1916
265 227 64.1642
227 265 64.1642
189 66 71.3091
66 189 71.3091
108 33 82.0629
33 108 82.0629
47 95 39.9759
95 47 39.9759
260 261 27.9523
261 260 27.9523
231 213 63.2651
213 231 63.2651
88 130 68.5038
130 88 68.5038
185 155 15.9194
155 185 15.9194
158 131 18.6551
131 158 18.6551
226 198 58.9457
198 226 58.9457
138 52 34.292
52 138 34.292
18 217 54.392
217 18 54.392
200 56 93.3219
56 200 93.3219
124 82 62.1054
82 124 62.1054
70 73 97.6466
73 70 97.6466
44 124 73.1652
124 44 73.1652
223 124 75.6485
124 223 75.6485
294 37 91.495
37 294 91.495
65 160 79.0158
160 65 79.0158
96 19 34.4252
19 96 34.4252
184 263 93.1209
263 184 93.1209
208 214 85.4632
214 208 85.4632
250 73 47.7349
73 250 47.7349
234 3 72.8538
3 234 72.8538
272 28 73.0799
28 272 73.0799
240 266 52.1718
266 240 52.1718
161 235 85.7881
235 161 85.7881
260 109 19.507
109 260 19.507
205 43 15.5246
43 205 15.5246
80 272 89.8332
272 80 89.8332
205 36 41.7486
36 205 41.7486
281 179 29.3252
179 281 29.3252
119 267 46.2737
267 119 46.2737
99 259 97.9971
259 99 97.9971
95 221 38.0964
221 95 38.0964
154 86 54.1485
86 154 54.1485
74 195 86.5283
195 74 86.5283
177 169 72.7823
169 177 72.7823
144 172 55.59
172 144 55.59
34 214 28.2448
214 34 28.2448
60 254 42.0179
254 60 42.0179
166 209 97.7607
209 166 97.7607
186 3 80.4506
3 186 80.4506
194 5 18.9675
5 194 18.9675
188 42 32.2431
42 188 32.2431
152 177 60.885
177 152 60.885
219 170 46.2622
170 219 46.2622
293 91 98.2619
91 293 98.2619
187 271 84.2576
271 187 84.2576
83 37 88.0182
37 83 88.0182
100 198 67.6077
198 100 67.6077
247 97 73.9881
97 247 73.9881
146 197 38.713
197 146 38.713
171 161 98.2471
161 171 98.2471
143 94 52.0049
94 143 52.0049
251 269 97.9081
269 251 97.9081
111 99 35.9074
99 111 35.9074
186 108 76.2916
108 186 76.2916
46 69 58.0171
69 46 58.0171
157 46 28.9068
46 157 28.9068
188 217 82.5521
217 188 82.5521
144 259 21.4567
259 144 21.4567
66 211 66.7343
211 66 66.7343
225 280 79.1755
280 225 79.1755
188 29 99.0323
29 188 99.0323
32 84 99.1597
84 32 99.1597
271 197 18.4437
197 271 18.4437
242 100 21.8048
100 242 21.8048
175 45 52.3583
45 175 52.3583
138 266 70.0031
266 138 70.0031
7 26 38.7458
26 7 38.7458
18 85 35.6625
85 18 35.6625
39 51 76.7202
51 39 76.7202
49 200 86.0071
200 49 86.0071
0 47 63.651
47 0 63.651
9 124 17.8773
124 9 17.8773
175 26 37.0762
26 175 37.0762
112 15 78.0358
15 112 78.0358
4 203 60.2402
203 4 60.2402
155 232 35.6661
232 155 35.6661
251 268 38.0628
268 251 38.0628
178 161 62.5691
161 178 62.5691
71 160 12.3977
160 71 12.3977
10 138 84.5985
138 10 84.5985
36 229 25.3139
229 36 25.3139
69 49 55.6118
49 69 55.6118
20 265 33.2861
265 20 33.2861
157 241 30.2295
241 157 30.2295
67 162 91.8339
162 67 91.8339
171 221 90.4366
221 171 90.4366
28 214 41.1667
214 28 41.1667
288 191 12.7125
191 288 12.7125
163 97 18.887
97 163 18.887
98 109 32.3306
109 98 32.3306
151 253 62.1031
253 151 62.1031
56 179 89.1262
179 56 89.1262
152 282 91.3954
282 152 91.3954
246 104 47.3702
104 246 47.3702
66 195 35.084
195 66 35.084
192 122 83.451
122 192 83.451
274 193 67.4379
193 274 67.4379
9 247 42.9159
247 9 42.9159
172 211 86.4676
211 172 86.4676
272 26 64.1049
26 272 64.1049
72 2 94.237
2 72 94.237
282 264 57.4249
264 282 57.4249
19 51 88.6356
51 19 88.6356
128 276 63.8423
276 128 63.8423
243 206 49.6596
206 243 49.6596
284 282 98.4379
282 284 98.4379
86 237 48.9166
237 86 48.9166
231 244 40.4766
244 231 40.4766
281 1 15.7038
1 281 15.7038
277 131 43.5007
131 277 43.5007
278 65 56.9153
65 278 56.9153
76 254 12.5807
254 76 12.5807
183 227 41.3472
227 183 41.3472
35 200 66.6979
200 35 66.6979
135 189 42.0457
189 135 42.0457
154 5 16.5192
5 154 16.5192
276 178 57.5404
178 276 57.5404
260 180 12.5599
180 260 12.5599
100 206 20.4727
206 100 20.4727
231 202 87.9509
202 231 87.9509
23 38 12.4185
38 23 12.4185
49 277 18.3338
277 49 18.3338
270 115 24.6843
115 270 24.6843
218 83 36.3556
83 218 36.3556
200 272 30.1143
272 200 30.1143
1 275 51.2733
275 1 51.2733
211 1 73.3798
1 211 73.3798
168 234 51.6261
234 168 51.6261
167 209 59.3203
209 167 59.3203
61 151 80.3148
151 61 80.3148
219 290 40.7191
290 219 40.7191
37 129 36.3357
129 37 36.3357
96 292 52.1475
292 96 52.1475
118 9 41.0144
9 118 41.0144
111 282 33.499
282 111 33.499
18 234 65.6414
234 18 65.6414
223 143 18.0545
143 223 18.0545
51 129 70.513
129 51 70.513
120 192 53.6048
192 120 53.6048
160 171 57.5712
171 160 57.5712
2 175 25.1364
175 2 25.1364
91 73 26.6222
73 91 26.6222
116 119 18.0331
119 116 18.0331
70 28 95.5993
28 70 95.5993
96 254 83.0727
254 96 83.0727
283 256 97.3321
256 283 97.3321
75 21 17.5722
21 75 17.5722
189 245 98.9813
245 189 98.9813
253 187 90.6492
187 253 90.6492
262 117 88.5021
117 262 88.5021
209 272 32.3929
272 209 32.3929
174 286 87.197
286 174 87.197
160 56 37.7638
56 160 37.7638
274 48 69.7566
48 274 69.7566
27 162 71.0985
162 27 71.0985
47 115 43.887
115 47 43.887
122 74 15.4009
74 122 15.4009
255 207 51.0998
207 255 51.0998
90 251 49.4064
251 90 49.4064
213 86 70.7464
86 213 70.7464
243 189 13.0818
189 243 13.0818
23 282 11.2788
282 23 11.2788
234 276 44.3298
276 234 44.3298
35 40 87.3776
40 35 87.3776
215 179 42.6575
179 215 42.6575
206 117 51.069
117 206 51.069
28 244 80.5119
244 28 80.5119
274 127 58.6976
127 274 58.6976
187 179 87.1465
179 187 87.1465
248 38 31.0283
38 248 31.0283
197 72 19.9514
72 197 19.9514
63 131 44.0957
131 63 44.0957
134 271 73.9856
271 134 73.9856
265 129 16.6942
129 265 16.6942
34 6 64.8595
6 34 64.8595
236 171 53.0334
171 236 53.0334
46 184 65.0015
184 46 65.0015
115 127 40.1171
127 115 40.1171
191 203 38.6379
203 191 38.6379
111 5 95.8079
5 111 95.8079
48 179 58.0074
179 48 58.0074
171 262 59.8087
262 171 59.8087
221 32 71.759
32 221 71.759
229 257 67.9282
257 229 67.9282
221 247 85.5148
247 221 85.5148
265 197 27.2733
197 265 27.2733
241 29 28.0462
29 241 28.0462
248 32 16.5145
32 248 16.5145
113 181 39.722
181 113 39.722
30 92 54.529
92 30 54.529
39 273 50.1892
273 39 50.1892
96 3 29.8112
3 96 29.8112
143 49 68.8311
49 143 68.8311
97 62 80.5393
62 97 80.5393
245 144 77.1536
144 245 77.1536
61 142 58.6849
142 61 58.6849
124 141 48.5705
141 124 48.5705
69 30 10.5819
30 69 10.5819
97 77 31.735
77 97 31.735
87 240 52.871
240 87 52.871
135 150 99.7571
150 135 99.7571
3 34 76.4775
34 3 76.4775
272 223 80.2968
223 272 80.2968
238 281 37.4537
281 238 37.4537
263 33 42.721
33 263 42.721
72 7 31.109
7 72 31.109
54 245 38.8931
245 54 38.8931
18 121 94.2676
121 18 94.2676
289 156 80.1313
156 289 80.1313
279 264 61.8312
264 279 61.8312
254 252 29.0049
252 254 29.0049
66 232 92.073
232 66 92.073
152 35 60.0879
35 152 60.0879
185 220 78.1027
220 185 78.1027
181 126 44.5109
126 181 44.5109
177 268 38.8185
268 177 38.8185
7 268 19.8856
268 7 19.8856
241 171 85.9698
171 241 85.9698
180 110 28.65
110 180 28.65
6 203 32.2685
203 6 32.2685
134 120 38.4413
120 134 38.4413
122 70 18.1985
70 122 18.1985
218 78 70.6726
78 218 70.6726
164 22 49.8501
22 164 49.8501
78 165 71.2156
165 78 71.2156
228 218 23.2631
218 228 23.2631
237 141 14.8635
141 237 14.8635
50 151 31.456
151 50 31.456
188 253 21.3904
253 188 21.3904
85 11 85.5283
11 85 85.5283
6 281 54.5874
281 6 54.5874
227 30 46.6896
30 227 46.6896
182 63 69.4015
63 182 69.4015
178 191 77.2153
191 178 77.2153
158 196 99.9876
196 158 99.9876
73 294 26.601
294 73 26.601
67 281 63.5937
281 67 63.5937
108 25 94.5654
25 108 94.5654
113 156 58.5479
156 113 58.5479
126 201 35.405
201 126 35.405
261 270 70.4816
270 261 70.4816
178 269 41.0466
269 178 41.0466
28 219 87.5745
219 28 87.5745
78 219 29.4978
219 78 29.4978
34 14 64.6083
14 34 64.6083
213 167 49.6282
167 213 49.6282
256 166 54.7726
166 256 54.7726
269 129 57.302
129 269 57.302
229 81 13.2747
81 229 13.2747
277 61 86.5649
61 277 86.5649
113 210 42.5434
210 113 42.5434
139 37 62.1619
37 139 62.1619
159 94 45.0886
94 159 45.0886
14 134 54.0097
134 14 54.0097
135 271 48.3796
271 135 48.3796
55 121 72.494
121 55 72.494
167 38 42.3241
38 167 42.3241
257 77 25.699
77 257 25.699
266 7 81.0474
7 266 81.0474
51 292 25.0253
292 51 25.0253
17 87 71.1415
87 17 71.1415
243 110 89.7077
110 243 89.7077
234 117 49.6467
117 234 49.6467
254 140 34.2224
140 254 34.2224
240 93 52.9194
93 240 52.9194
215 54 18.4508
54 215 18.4508
258 241 21.1712
241 258 21.1712
50 147 35.9832
147 50 35.9832
232 231 18.5592
231 232 18.5592
186 19 49.4004
19 186 49.4004
121 88 44.8911
88 121 44.8911
25 211 31.9749
211 25 31.9749
39 52 26.6348
52 39 26.6348
242 232 37.7394
232 242 37.7394
138 140 52.4047
140 138 52.4047
199 233 57.6515
233 199 57.6515
251 17 53.6675
17 251 53.6675
67 142 30.4282
142 67 30.4282
132 153 30.8093
153 132 30.8093
216 100 78.9958
100 216 78.9958
115 83 80.7937
83 115 80.7937
207 70 25.5009
70 207 25.5009
213 42 11.4135
42 213 11.4135
169 163 56.3902
163 169 56.3902
264 285 77.5873
285 264 77.5873
39 275 31.2773
275 39 31.2773
225 45 47.3689
45 225 47.3689
111 89 49.9439
89 111 49.9439
153 169 21.4777
169 153 21.4777
230 229 93.2811
229 230 93.2811
249 9 45.1225
9 249 45.1225
114 246 45.2788
246 114 45.2788
226 100 53.8738
100 226 53.8738
89 62 28.0592
62 89 28.0592
174 119 77.0537
119 174 77.0537
12 206 52.0352
206 12 52.0352
245 114 33.5588
114 245 33.5588
125 232 37.4252
232 125 37.4252
234 195 50.3193
195 234 50.3193
0 17 37.6627
17 0 37.6627
71 76 53.6873
76 71 53.6873
152 293 48.5019
293 152 48.5019
285 38 23.7137
38 285 23.7137
191 263 90.0169
263 191 90.0169
259 174 98.1752
174 259 98.1752
25 82 99.3572
82 25 99.3572
12 209 48.6269
209 12 48.6269
253 125 45.8903
125 253 45.8903
178 289 49.5251
289 178 49.5251
25 38 59.4903
38 25 59.4903
98 219 36.49
219 98 36.49
128 174 11.1958
174 128 11.1958
121 51 69.3443
51 121 69.3443
281 107 33.0874
107 281 33.0874
182 144 91.5982
144 182 91.5982
177 151 89.6223
151 177 89.6223
50 275 89.22
275 50 89.22
285 219 87.8447
219 285 87.8447
162 113 60.9054
113 162 60.9054
119 183 17.8262
183 119 17.8262
179 99 29.1109
99 179 29.1109
46 13 16.4009
13 46 16.4009
155 163 25.1475
163 155 25.1475
207 198 22.0099
198 207 22.0099
30 14 76.2612
14 30 76.2612
66 223 98.5906
223 66 98.5906
45 139 28.1157
139 45 28.1157
67 210 68.8414
210 67 68.8414
70 270 32.7375
270 70 32.7375
227 243 27.9759
243 227 27.9759
103 87 13.7882
87 103 13.7882
48 216 42.9266
216 48 42.9266
221 52 99.4572
52 221 99.4572
172 191 36.6526
191 172 36.6526
230 64 39.15
64 230 39.15
208 87 11.9352
87 208 11.9352
137 204 94.8437
204 137 94.8437
68 126 52.6389
126 68 52.6389
16 160 93.4563
160 16 93.4563
178 150 83.4144
150 178 83.4144
262 10 14.6748
10 262 14.6748
25 45 10.6586
45 25 10.6586
127 30 89.8429
30 127 89.8429
26 279 54.2337
279 26 54.2337
261 130 68.7552
130 261 68.7552
3 17 58.8418
17 3 58.8418
11 260 26.431
260 11 26.431
279 223 21.8955
223 279 21.8955
42 249 11.508
249 42 11.508
41 21 34.8409
21 41 34.8409
119 4 89.6466
4 119 89.6466
19 102 29.4161
102 19 29.4161
9 5 48.965
5 9 48.965
121 15 86.2397
15 121 86.2397
268 150 24.5602
150 268 24.5602
67 54 94.517
54 67 94.517
128 22 62.8434
22 128 62.8434
167 9 30.0203
9 167 30.0203
100 250 42.9732
250 100 42.9732
289 37 41.6503
37 289 41.6503
163 161 80.9284
161 163 80.9284
85 248 64.668
248 85 64.668
61 38 61.1974
38 61 61.1974
10 14 81.4631
14 10 81.4631
128 41 67.1126
41 128 67.1126
90 209 45.1152
209 90 45.1152
50 115 70.0743
115 50 70.0743
145 131 96.6253
131 145 96.6253
22 272 82.0236
272 22 82.0236
12 158 48.2333
158 12 48.2333
147 9 65.327
9 147 65.327
42 265 97.6287
265 42 97.6287
127 104 14.8952
104 127 14.8952
53 85 48.7107
85 53 48.7107
113 137 33.5759
137 113 33.5759
108 233 61.297
233 108 61.297
263 226 26.6027
226 263 26.6027
181 38 96.7453
38 181 96.7453
132 21 73.8948
21 132 73.8948
93 58 78.4732
58 93 78.4732
231 182 83.2122
182 231 83.2122
109 224 90.6513
224 109 90.6513
205 251 88.8542
251 205 88.8542
192 143 17.5706
143 192 17.5706
28 59 70.8486
59 28 70.8486
249 147 16.4327
147 249 16.4327
11 54 13.9594
54 11 13.9594
119 30 59.7322
30 119 59.7322
147 131 37.8393
131 147 37.8393
78 99 81.7093
99 78 81.7093
230 63 38.6708
63 230 38.6708
188 196 50.8633
196 188 50.8633
157 0 88.9911
0 157 88.9911
177 2 50.7832
2 177 50.7832
44 37 27.7414
37 44 27.7414
230 143 22.0381
143 230 22.0381
169 220 69.1259
220 169 69.1259
197 101 49.8142
101 197 49.8142
73 2 47.7158
2 73 47.7158
146 97 10.7878
97 146 10.7878
212 97 41.1935
97 212 41.1935
260 95 30.4915
95 260 30.4915
77 80 14.3085
80 77 14.3085
241 176 22.5161
176 241 22.5161
263 246 79.0203
246 263 79.0203
210 217 48.1898
217 210 48.1898
210 235 85.5589
235 210 85.5589
149 137 33.6425
137 149 33.6425
287 71 84.1747
71 287 84.1747
240 132 76.4059
132 240 76.4059
288 226 46.127
226 288 46.127
211 269 17.2195
269 211 17.2195
286 63 79.2822
63 286 79.2822
118 140 91.4029
140 118 91.4029
102 281 78.3259
281 102 78.3259
242 154 66.9501
154 242 66.9501
170 4 42.1574
4 170 42.1574
88 34 23.0083
34 88 23.0083
256 219 43.3861
219 256 43.3861
276 163 22.6902
163 276 22.6902
109 49 80.1431
49 109 80.1431
107 191 56.9364
191 107 56.9364
118 22 28.9452
22 118 28.9452
98 84 38.0659
84 98 38.0659
33 43 98.177
43 33 98.177
210 127 24.2832
127 210 24.2832
214 280 36.8475
280 214 36.8475
153 162 74.3567
162 153 74.3567
18 201 71.5636
201 18 71.5636
229 264 91.2655
264 229 91.2655
174 239 65.176
239 174 65.176
279 276 82.5343
276 279 82.5343
61 248 20.6713
248 61 20.6713
276 36 58.3831
36 276 58.3831
111 91 93.9132
91 111 93.9132
240 165 53.6122
165 240 53.6122
221 202 63.0184
202 221 63.0184
201 154 23.6476
154 201 23.6476
44 63 16.0851
63 44 16.0851
216 190 39.7966
190 216 39.7966
37 206 43.0497
206 37 43.0497
26 122 83.2361
122 26 83.2361
224 30 37.5725
30 224 37.5725
164 53 34.0385
53 164 34.0385
44 254 87.8016
254 44 87.8016
190 28 41.3956
28 190 41.3956
129 258 93.7038
258 129 93.7038
151 245 91.2694
245 151 91.2694
242 178 39.9741
178 242 39.9741
150 202 66.8955
202 150 66.8955
267 175 84.9383
175 267 84.9383
195 147 79.7039
147 195 79.7039
192 99 30.5348
99 192 30.5348
131 3 79.172
3 131 79.172
36 241 12.4244
241 36 12.4244
181 256 33.2701
256 181 33.2701
177 187 93.2806
187 177 93.2806
276 293 61.8093
293 276 61.8093
177 13 23.0105
13 177 23.0105
147 85 11.7791
85 147 11.7791
288 125 26.2512
125 288 26.2512
211 18 86.724
18 211 86.724
236 266 13.5535
266 236 13.5535
15 76 80.4002
76 15 80.4002
251 207 96.5634
207 251 96.5634
62 273 66.8075
273 62 66.8075
236 99 16.003
99 236 16.003
203 217 77.2115
217 203 77.2115
164 270 22.6316
270 164 22.6316
52 129 78.213
129 52 78.213
21 263 26.2048
263 21 26.2048
274 244 57.4029
244 274 57.4029
53 17 81.7255
17 53 81.7255
133 76 57.7401
76 133 57.7401
155 170 63.9506
170 155 63.9506
18 141 47.425
141 18 47.425
95 185 26.6493
185 95 26.6493
118 250 23.067
250 118 23.067
163 65 16.2035
65 163 16.2035
194 291 79.4935
291 194 79.4935
10 124 87.8701
124 10 87.8701
12 111 94.2766
111 12 94.2766
116 233 56.4724
233 116 56.4724
200 31 18.0311
31 200 18.0311
71 241 47.7343
241 71 47.7343
234 12 65.8669
12 234 65.8669
36 41 22.5549
41 36 22.5549
90 141 22.2271
141 90 22.2271
28 95 20.3059
95 28 20.3059
191 91 21.3195
91 191 21.3195
281 289 75.5756
289 281 75.5756
172 85 56.5972
85 172 56.5972
104 247 66.8872
247 104 66.8872
171 266 29.0843
266 171 29.0843
292 226 14.9579
226 292 14.9579
84 83 56.8448
83 84 56.8448
170 209 53.6743
209 170 53.6743
14 115 34.4458
115 14 34.4458
271 195 96.1999
195 271 96.1999
3 168 31.9778
168 3 31.9778
232 174 38.6946
174 232 38.6946
23 206 59.0424
206 23 59.0424
247 114 40.1498
114 247 40.1498
146 136 54.4409
136 146 54.4409
78 227 87.7563
227 78 87.7563
85 157 37.3057
157 85 37.3057
292 76 57.3434
76 292 57.3434
107 250 72.6295
250 107 72.6295
149 22 58.0284
22 149 58.0284
181 88 85.7731
88 181 85.7731
3 289 32.2249
289 3 32.2249
136 178 20.3455
178 136 20.3455
247 242 72.6111
242 247 72.6111
59 250 60.9152
250 59 60.9152
48 65 28.7566
65 48 28.7566
3 187 63.3567
187 3 63.3567
137 157 90.6172
157 137 90.6172
269 216 33.0373
216 269 33.0373
246 121 60.8551
121 246 60.8551
273 99 36.8359
99 273 36.8359
288 11 47.6959
11 288 47.6959
215 203 87.4802
203 215 87.4802
107 11 61.3755
11 107 61.3755
81 262 22.897
262 81 22.897
78 233 10.124
233 78 10.124
286 142 40.6852
142 286 40.6852
278 175 14.0453
175 278 14.0453
17 281 97.3741
281 17 97.3741
149 101 81.0763
101 149 81.0763
229 166 15.4568
166 229 15.4568
294 110 43.426
110 294 43.426
173 103 25.8932
103 173 25.8932
97 9 72.4977
9 97 72.4977
27 268 93.9909
268 27 93.9909
261 79 11.3512
79 261 11.3512
77 5 31.1172
5 77 31.1172
66 128 55.2274
128 66 55.2274
52 280 14.4715
280 52 14.4715
267 142 75.5632
142 267 75.5632
60 23 47.7057
23 60 47.7057
269 171 68.8682
171 269 68.8682
55 59 18.1244
59 55 18.1244
114 139 86.3128
139 114 86.3128
199 245 17.938
245 199 17.938
155 94 70.2674
94 155 70.2674
230 85 82.1514
85 230 82.1514
252 83 89.9106
83 252 89.9106
139 119 94.2221
119 139 94.2221
226 26 75.0795
26 226 75.0795
135 218 95.5174
218 135 95.5174
101 0 53.6292
0 101 53.6292
176 103 51.6626
103 176 51.6626
220 256 77.5714
256 220 77.5714
113 28 37.1119
28 113 37.1119
127 111 68.0869
111 127 68.0869
189 259 20.8959
259 189 20.8959
74 242 97.1848
242 74 97.1848
198 114 11.7431
114 198 11.7431
283 205 58.4577
205 283 58.4577
98 87 42.2456
87 98 42.2456
234 144 32.612
144 234 32.612
7 287 53.9335
287 7 53.9335
124 177 11.5622
177 124 11.5622
231 223 49.9987
223 231 49.9987
159 188 25.9364
188 159 25.9364
119 67 30.9095
67 119 30.9095
209 292 55.8742
292 209 55.8742
16 45 83.5363
45 16 83.5363
128 149 44.7236
149 128 44.7236
178 137 93.2479
137 178 93.2479
176 151 55.8279
151 176 55.8279
235 206 19.4249
206 235 19.4249
2 219 63.485
219 2 63.485
56 49 15.6714
49 56 15.6714
51 175 72.9446
175 51 72.9446
83 256 60.221
256 83 60.221
177 174 89.3873
174 177 89.3873
218 109 97.2284
109 218 97.2284
287 38 38.3156
38 287 38.3156
286 254 57.3356
254 286 57.3356
25 180 82.0136
180 25 82.0136
276 37 41.7327
37 276 41.7327
57 285 33.4305
285 57 33.4305
0 41 65.0795
41 0 65.0795
194 110 71.2115
110 194 71.2115
1 124 53.7863
124 1 53.7863
210 184 99.0452
184 210 99.0452
123 182 36.5679
182 123 36.5679
200 210 74.7417
210 200 74.7417
151 197 95.0516
197 151 95.0516
213 67 65.0227
67 213 65.0227
274 117 64.1122
117 274 64.1122
27 139 21.1015
139 27 21.1015
225 257 55.6007
257 225 55.6007
81 236 77.1018
236 81 77.1018
118 81 16.9093
81 118 16.9093
112 280 64.6712
280 112 64.6712
196 277 35.8511
277 196 35.8511
51 41 28.3245
41 51 28.3245
257 108 43.3018
108 257 43.3018
274 34 31.9154
34 274 31.9154
223 237 92.5102
237 223 92.5102
245 254 21.8467
254 245 21.8467
239 9 49.2067
9 239 49.2067
118 237 45.4496
237 118 45.4496
161 8 45.8717
8 161 45.8717
228 65 52.0705
65 228 52.0705
209 173 13.1596
173 209 13.1596
176 212 52.7346
212 176 52.7346
163 76 92.5832
76 163 92.5832
201 29 64.6974
29 201 64.6974
237 208 10.7636
208 237 10.7636
194 227 89.3884
227 194 89.3884
95 69 68.1789
69 95 68.1789
287 76 85.98
76 287 85.98
1 179 83.3533
179 1 83.3533
163 29 27.0184
29 163 27.0184
239 161 62.9951
161 239 62.9951
163 11 66.0466
11 163 66.0466
204 203 83.5646
203 204 83.5646
212 248 27.6098
248 212 27.6098
252 78 38.6456
78 252 38.6456
42 48 69.0606
48 42 69.0606
281 80 57.3328
80 281 57.3328
15 71 78.0938
71 15 78.0938
188 133 19.3989
133 188 19.3989
47 278 99.6057
278 47 99.6057
109 172 96.0924
172 109 96.0924
158 60 44.791
60 158 44.791
227 113 86.9067
113 227 86.9067
90 37 42.6507
37 90 42.6507
90 0 21.6468
0 90 21.6468
103 123 34.9421
123 103 34.9421
74 148 24.9574
148 74 24.9574
285 101 59.9883
101 285 59.9883
202 147 34.8427
147 202 34.8427
45 158 56.068
158 45 56.068
202 22 68.3187
22 202 68.3187
205 53 96.9888
53 205 96.9888
136 59 61.2933
59 136 61.2933
281 258 28.9164
258 281 28.9164
280 146 38.9637
146 280 38.9637
239 219 98.2411
219 239 98.2411
166 13 62.1567
13 166 62.1567
45 279 32.7461
279 45 32.7461
32 124 85.967
124 32 85.967
258 26 78.0533
26 258 78.0533
235 162 91.1887
162 235 91.1887
144 111 92.3744
111 144 92.3744
32 30 74.7565
30 32 74.7565
291 68 98.4325
68 291 98.4325
216 184 68.4895
184 216 68.4895
171 202 39.1417
202 171 39.1417
82 20 63.6132
20 82 63.6132
68 111 70.7842
111 68 70.7842
135 12 37.1985
12 135 37.1985
163 195 22.6535
195 163 22.6535
247 199 48.4922
199 247 48.4922
11 35 61.7108
35 11 61.7108
288 8 70.4063
8 288 70.4063
181 221 58.1745
221 181 58.1745
271 207 44.5345
207 271 44.5345
55 159 11.6112
159 55 11.6112
243 286 27.9294
286 243 27.9294
166 212 62.6845
212 166 62.6845
151 250 54.8789
250 151 54.8789
127 42 99.297
42 127 99.297
44 65 36.2467
65 44 36.2467
230 179 15.324
179 230 15.324
103 10 31.7915
10 103 31.7915
29 192 22.7815
192 29 22.7815
182 37 56.0793
37 182 56.0793
258 106 95.6653
106 258 95.6653
215 227 29.3298
227 215 29.3298
124 71 81.9532
71 124 81.9532
262 86 98.4863
86 262 98.4863
236 60 37.4125
60 236 37.4125
88 273 50.1787
273 88 50.1787
206 39 85.577
39 206 85.577
98 245 99.8877
245 98 99.8877
273 149 54.7387
149 273 54.7387
189 203 76.4918
203 189 76.4918
54 220 81.733
220 54 81.733
249 269 23.1557
269 249 23.1557
277 48 74.7157
48 277 74.7157
101 129 71.1987
129 101 71.1987
63 148 62.362
148 63 62.362
53 193 92.2789
193 53 92.2789
199 52 30.5398
52 199 30.5398
287 283 14.5049
283 287 14.5049
70 226 89.4675
226 70 89.4675
20 284 30.9408
284 20 30.9408
0 48 21.9414
48 0 21.9414
117 265 78.803
265 117 78.803
274 73 35.4575
73 274 35.4575
163 251 58.4265
251 163 58.4265
129 121 86.5965
121 129 86.5965
3 104 21.2955
104 3 21.2955
36 238 21.5565
238 36 21.5565
92 97 62.5099
97 92 62.5099
154 288 44.9499
288 154 44.9499
213 236 36.496
236 213 36.496
223 226 21.9163
226 223 21.9163
18 240 47.5305
240 18 47.5305
196 169 35.067
169 196 35.067
172 274 85.871
274 172 85.871
70 145 65.5664
145 70 65.5664
220 82 84.1307
82 220 84.1307
251 166 52.8607
166 251 52.8607
265 55 11.9606
55 265 11.9606
198 60 47.9885
60 198 47.9885
100 293 79.4421
293 100 79.4421
4 64 64.616
64 4 64.616
267 13 90.5313
13 267 90.5313
36 174 45.2409
174 36 45.2409
178 153 70.9721
153 178 70.9721
67 283 31.3497
283 67 31.3497
233 28 51.1581
28 233 51.1581
36 258 83.3908
258 36 83.3908
205 26 66.2745
26 205 66.2745
200 38 70.9471
38 200 70.9471
98 271 94.4322
271 98 94.4322
66 112 28.662
112 66 28.662
122 111 60.7456
111 122 60.7456
109 5 72.9329
5 109 72.9329
122 61 72.6213
61 122 72.6213
130 237 54.696
237 130 54.696
277 124 17.0325
124 277 17.0325
49 12 13.7437
12 49 13.7437
238 118 50.7205
118 238 50.7205
7 70 74.415
70 7 74.415
126 258 90.5953
258 126 90.5953
10 205 48.2348
205 10 48.2348
129 159 68.9946
159 129 68.9946
294 23 35.4871
23 294 35.4871
185 31 90.9074
31 185 90.9074
223 2 91.6188
2 223 91.6188
199 89 39.9039
89 199 39.9039
188 30 38.4592
30 188 38.4592
285 266 58.3559
266 285 58.3559
227 199 31.4161
199 227 31.4161
237 241 16.934
241 237 16.934
32 242 41.6658
242 32 41.6658
135 1 75.8993
1 135 75.8993
277 244 63.2808
244 277 63.2808
264 174 73.0459
174 264 73.0459
275 6 51.2401
6 275 51.2401
157 150 80.4984
150 157 80.4984
262 165 38.1902
165 262 38.1902
27 238 18.4489
238 27 18.4489
171 57 77.7543
57 171 77.7543
275 32 27.3854
32 275 27.3854
166 2 21.5647
2 166 21.5647
133 222 42.4871
222 133 42.4871
116 244 58.4286
244 116 58.4286
187 255 51.4554
255 187 51.4554
41 113 77.1051
113 41 77.1051
163 48 23.5403
48 163 23.5403
254 246 42.6929
246 254 42.6929
74 97 21.3006
97 74 21.3006
159 274 64.5338
274 159 64.5338
3 129 67.7508
129 3 67.7508
125 292 31.693
292 125 31.693
283 196 46.4159
196 283 46.4159
210 225 49.621
225 210 49.621
52 36 10.8922
36 52 10.8922
58 3 59.8205
3 58 59.8205
75 196 82.2241
196 75 82.2241
268 175 28.4575
175 268 28.4575
4 202 88.4676
202 4 88.4676
220 44 95.4785
44 220 95.4785
19 10 71.6495
10 19 71.6495
1 81 12.8883
81 1 12.8883
5 289 70.5718
289 5 70.5718
24 244 30.0268
244 24 30.0268
292 54 87.2392
54 292 87.2392
23 35 27.6264
35 23 27.6264
184 36 42.3189
36 184 42.3189
278 84 97.4698
84 278 97.4698
165 268 30.4056
268 165 30.4056
107 113 29.7527
113 107 29.7527
18 194 79.8397
194 18 79.8397
166 247 69.778
247 166 69.778
118 194 90.6772
194 118 90.6772
158 267 87.3921
267 158 87.3921
195 36 21.8946
36 195 21.8946
241 185 79.6737
185 241 79.6737
180 194 37.0907
194 180 37.0907
255 197 36.682
197 255 36.682
256 167 52.6483
167 256 52.6483
7 61 41.3646
61 7 41.3646
185 293 21.4461
293 185 21.4461
81 126 11.0428
126 81 11.0428
