324 5716 36 159
1 0 46.0073
0 1 46.0073
2 1 14.1199
1 2 14.1199
3 0 17.7404
0 3 17.7404
4 0 97.1222
0 4 97.1222
5 0 86.9208
0 5 86.9208
6 0 69.8597
0 6 69.8597
7 2 79.2206
2 7 79.2206
8 5 17.6725
5 8 17.6725
9 0 64.4429
0 9 64.4429
10 9 84.8253
9 10 84.8253
11 0 62.1603
0 11 62.1603
12 10 37.6261
10 12 37.6261
13 7 48.0042
7 13 48.0042
14 4 94.7419
4 14 94.7419
15 9 43.4423
9 15 43.4423
16 4 22.8475
4 16 22.8475
17 7 40.6171
7 17 40.6171
18 10 83.3981
10 18 83.3981
19 16 71.2467
16 19 71.2467
20 12 86.6263
12 20 86.6263
21 9 19.8651
9 21 19.8651
22 14 71.5749
14 22 71.5749
23 22 37.5558
22 23 37.5558
24 4 46.4972
4 24 46.4972
25 8 81.7347
8 25 81.7347
26 19 63.0027
19 26 63.0027
27 8 26.9596
8 27 26.9596
28 2 15.2338
2 28 15.2338
29 0 98.5484
0 29 98.5484
30 11 79.7092
11 30 79.7092
31 15 26.8157
15 31 26.8157
32 8 54.4105
8 32 54.4105
33 28 54.0134
28 33 54.0134
34 9 95.6152
9 34 95.6152
35 30 79.2749
30 35 79.2749
36 3 71.6192
3 36 71.6192
37 23 55.0824
23 37 55.0824
38 15 37.4211
15 38 37.4211
39 2 16.7977
2 39 16.7977
40 1 92.8741
1 40 92.8741
41 8 91.3702
8 41 91.3702
42 14 92.2674
14 42 92.2674
43 0 54.3085
0 43 54.3085
44 26 67.2844
26 44 67.2844
45 1 53.6071
1 45 53.6071
46 17 28.9538
17 46 28.9538
47 1 97.8504
1 47 97.8504
48 0 78.6543
0 48 78.6543
49 34 23.6153
34 49 23.6153
50 10 14.3073
10 50 14.3073
51 13 90.8742
13 51 90.8742
52 17 56.0491
17 52 56.0491
53 24 91.3471
24 53 91.3471
54 29 18.4181
29 54 18.4181
55 54 94.5541
54 55 94.5541
56 9 24.921
9 56 24.921
57 26 71.7848
26 57 71.7848
58 40 29.2346
40 58 29.2346
59 43 27.5499
43 59 27.5499
60 47 50.8476
47 60 50.8476
61 46 61.2592
46 61 61.2592
62 49 57.3641
49 62 57.3641
63 44 43.2065
44 63 43.2065
64 51 84.3696
51 64 84.3696
65 19 28.9416
19 65 28.9416
66 46 38.961
46 66 38.961
67 41 70.1581
41 67 70.1581
68 15 45.8306
15 68 45.8306
69 52 83.7699
52 69 83.7699
70 60 67.2636
60 70 67.2636
71 34 51.1143
34 71 51.1143
72 49 59.129
49 72 59.129
73 8 61.0965
8 73 61.0965
74 16 45.0327
16 74 45.0327
75 47 63.4258
47 75 63.4258
76 55 34.6901
55 76 34.6901
77 13 65.5613
13 77 65.5613
78 34 77.9443
34 78 77.9443
79 57 84.1339
57 79 84.1339
80 49 46.6459
49 80 46.6459
81 26 91.2986
26 81 91.2986
82 45 70.6713
45 82 70.6713
83 62 15.9367
62 83 15.9367
84 9 58.222
9 84 58.222
85 61 78.9033
61 85 78.9033
86 68 97.1079
68 86 97.1079
87 33 46.3703
33 87 46.3703
88 35 68.6692
35 88 68.6692
89 34 23.2804
34 89 23.2804
90 64 44.7577
64 90 44.7577
91 69 78.623
69 91 78.623
92 4 85.1248
4 92 85.1248
93 51 81.0277
51 93 81.0277
94 72 94.1249
72 94 94.1249
95 89 66.582
89 95 66.582
96 4 44.4907
4 96 44.4907
97 70 48.1033
70 97 48.1033
98 45 22.6332
45 98 22.6332
99 75 66.1776
75 99 66.1776
100 66 77.0669
66 100 77.0669
101 48 36.2477
48 101 36.2477
102 10 90.2031
10 102 90.2031
103 10 94.7332
10 103 94.7332
104 83 52.3655
83 104 52.3655
105 23 37.5712
23 105 37.5712
106 43 73.6843
43 106 73.6843
107 104 76.1933
104 107 76.1933
108 102 28.8673
102 108 28.8673
109 57 45.1723
57 109 45.1723
110 4 63.8159
4 110 63.8159
111 40 55.7968
40 111 55.7968
112 13 61.9232
13 112 61.9232
113 97 70.3966
97 113 70.3966
114 105 20.8532
105 114 20.8532
115 34 50.4922
34 115 50.4922
116 58 88.6519
58 116 88.6519
117 59 44.8994
59 117 44.8994
118 0 56.8395
0 118 56.8395
119 71 17.4002
71 119 17.4002
120 33 96.2379
33 120 96.2379
121 33 60.3921
33 121 60.3921
122 60 45.3482
60 122 45.3482
123 38 79.3085
38 123 79.3085
124 115 78.6864
115 124 78.6864
125 48 30.5616
48 125 30.5616
126 67 32.8573
67 126 32.8573
127 28 53.0409
28 127 53.0409
128 23 12.2484
23 128 12.2484
129 21 47.2631
21 129 47.2631
130 49 47.7498
49 130 47.7498
131 118 83.0442
118 131 83.0442
132 20 45.0752
20 132 45.0752
133 79 39.8893
79 133 39.8893
134 39 37.1751
39 134 37.1751
135 3 29.9803
3 135 29.9803
136 22 56.9157
22 136 56.9157
137 134 98.2674
134 137 98.2674
138 126 32.655
126 138 32.655
139 122 97.1146
122 139 97.1146
140 1 57.297
1 140 57.297
141 118 30.0943
118 141 30.0943
142 89 23.5258
89 142 23.5258
143 25 96.1249
25 143 96.1249
144 63 99.4776
63 144 99.4776
145 69 29.1394
69 145 29.1394
146 87 57.5792
87 146 57.5792
147 56 39.6799
56 147 39.6799
148 125 75.0988
125 148 75.0988
149 125 92.5269
125 149 92.5269
150 14 81.547
14 150 81.547
151 117 61.0167
117 151 61.0167
152 106 55.0037
106 152 55.0037
153 43 47.8696
43 153 47.8696
154 117 83.7765
117 154 83.7765
155 106 38.1004
106 155 38.1004
156 47 12.9605
47 156 12.9605
157 72 42.9698
72 157 42.9698
158 57 67.9895
57 158 67.9895
159 63 44.8623
63 159 44.8623
160 129 76.4644
129 160 76.4644
161 160 80.1121
160 161 80.1121
162 36 29.0026
36 162 29.0026
163 122 68.3784
122 163 68.3784
164 152 49.7182
152 164 49.7182
165 86 54.6355
86 165 54.6355
166 81 73.2074
81 166 73.2074
167 17 14.7985
17 167 14.7985
168 15 75.8167
15 168 75.8167
169 165 18.5005
165 169 18.5005
170 139 71.348
139 170 71.348
171 29 82.9489
29 171 82.9489
172 92 79.3841
92 172 79.3841
173 72 64.3777
72 173 64.3777
174 162 36.3122
162 174 36.3122
175 135 48.2558
135 175 48.2558
176 10 54.7285
10 176 54.7285
177 135 86.7173
135 177 86.7173
178 97 49.4757
97 178 49.4757
179 110 18.798
110 179 18.798
180 29 42.9149
29 180 42.9149
181 122 43.4729
122 181 43.4729
182 116 31.0431
116 182 31.0431
183 94 23.2405
94 183 23.2405
184 94 94.8208
94 184 94.8208
185 73 91.7579
73 185 91.7579
186 79 84.3966
79 186 84.3966
187 186 83.6855
186 187 83.6855
188 159 29.3972
159 188 29.3972
189 166 80.3447
166 189 80.3447
190 59 94.4717
59 190 94.4717
191 127 51.5117
127 191 51.5117
192 53 57.617
53 192 57.617
193 143 16.2771
143 193 16.2771
194 38 69.9237
38 194 69.9237
195 79 48.4793
79 195 48.4793
196 78 65.852
78 196 65.852
197 170 78.0604
170 197 78.0604
198 79 89.5081
79 198 89.5081
199 42 36.7937
42 199 36.7937
200 26 46.4173
26 200 46.4173
201 84 93.3381
84 201 93.3381
202 99 86.264
99 202 86.264
203 81 78.2238
81 203 78.2238
204 80 83.9368
80 204 83.9368
205 172 31.894
172 205 31.894
206 48 24.4658
48 206 24.4658
207 71 21.3929
71 207 21.3929
208 6 51.589
6 208 51.589
209 43 10.382
43 209 10.382
210 66 20.0719
66 210 20.0719
211 6 56.8652
6 211 56.8652
212 53 35.096
53 212 35.096
213 204 84.347
204 213 84.347
214 28 73.3016
28 214 73.3016
215 60 37.7645
60 215 37.7645
216 15 51.9292
15 216 51.9292
217 92 68.5652
92 217 68.5652
218 152 70.5224
152 218 70.5224
219 66 37.3943
66 219 37.3943
220 0 63.0413
0 220 63.0413
221 54 59.814
54 221 59.814
222 217 35.6978
217 222 35.6978
223 117 72.8816
117 223 72.8816
224 41 85.1968
41 224 85.1968
225 182 82.3653
182 225 82.3653
226 79 49.0561
79 226 49.0561
227 166 64.778
166 227 64.778
228 60 72.561
60 228 72.561
229 122 36.6794
122 229 36.6794
230 181 61.7636
181 230 61.7636
231 138 28.2696
138 231 28.2696
232 18 31.4317
18 232 31.4317
233 38 75.6606
38 233 75.6606
234 26 54.0958
26 234 54.0958
235 19 14.5811
19 235 14.5811
236 152 97.2848
152 236 97.2848
237 46 84.3533
46 237 84.3533
238 93 44.5482
93 238 44.5482
239 195 97.2257
195 239 97.2257
240 82 75.7526
82 240 75.7526
241 165 57.2371
165 241 57.2371
242 69 21.9884
69 242 21.9884
243 117 53.6919
117 243 53.6919
244 124 71.0408
124 244 71.0408
245 132 68.3333
132 245 68.3333
246 245 89.6256
245 246 89.6256
247 179 13.0912
179 247 13.0912
248 224 94.9126
224 248 94.9126
249 59 19.079
59 249 19.079
250 157 92.5742
157 250 92.5742
251 220 67.8472
220 251 67.8472
252 211 20.9349
211 252 20.9349
253 52 81.5892
52 253 81.5892
254 2 70.2921
2 254 70.2921
255 174 24.4592
174 255 24.4592
256 79 70.4421
79 256 70.4421
257 164 48.7973
164 257 48.7973
258 168 65.5115
168 258 65.5115
259 82 76.1994
82 259 76.1994
260 200 58.571
200 260 58.571
261 3 94.8769
3 261 94.8769
262 120 20.3624
120 262 20.3624
263 172 66.6506
172 263 66.6506
264 172 55.0704
172 264 55.0704
265 103 30.5651
103 265 30.5651
266 101 84.4684
101 266 84.4684
267 258 56.9747
258 267 56.9747
268 244 13.9053
244 268 13.9053
269 219 87.1848
219 269 87.1848
270 130 84.9173
130 270 84.9173
271 173 78.1567
173 271 78.1567
272 7 85.4437
7 272 85.4437
273 169 68.6354
169 273 68.6354
274 184 65.4746
184 274 65.4746
275 138 35.0247
138 275 35.0247
276 235 81.7057
235 276 81.7057
277 230 31.0937
230 277 31.0937
278 91 63.6469
91 278 63.6469
279 260 19.3339
260 279 19.3339
280 214 39.6107
214 280 39.6107
281 258 17.7529
258 281 17.7529
282 1 15.966
1 282 15.966
283 143 81.8786
143 283 81.8786
284 50 21.4041
50 284 21.4041
285 281 20.5416
281 285 20.5416
286 175 20.9422
175 286 20.9422
287 150 15.3697
150 287 15.3697
288 187 24.0875
187 288 24.0875
289 80 62.2831
80 289 62.2831
290 147 33.0488
147 290 33.0488
291 44 14.1803
44 291 14.1803
292 150 24.8818
150 292 24.8818
293 254 30.4835
254 293 30.4835
294 216 18.876
216 294 18.876
295 216 19.3447
216 295 19.3447
296 195 58.1463
195 296 58.1463
297 115 19.1197
115 297 19.1197
298 268 81.6956
268 298 81.6956
299 222 22.619
222 299 22.619
300 158 15.1151
158 300 15.1151
301 111 95.482
111 301 95.482
302 213 95.8623
213 302 95.8623
303 235 22.231
235 303 22.231
304 88 30.2372
88 304 30.2372
305 158 70.5043
158 305 70.5043
306 139 55.6148
139 306 55.6148
307 210 84.2746
210 307 84.2746
308 177 52.0053
177 308 52.0053
309 100 75.316
100 309 75.316
310 305 93.9866
305 310 93.9866
311 22 25.1524
22 311 25.1524
312 212 99.1864
212 312 99.1864
313 120 91.6594
120 313 91.6594
314 184 13.9248
184 314 13.9248
315 69 23.1334
69 315 23.1334
316 198 58.9815
198 316 58.9815
317 143 86.8824
143 317 86.8824
318 88 97.3409
88 318 97.3409
319 60 62.3688
60 319 62.3688
320 30 74.9547
30 320 74.9547
321 5 79.7095
5 321 79.7095
322 31 96.2323
31 322 96.2323
323 269 89.7452
269 323 89.7452
131 42 32.0009
42 131 32.0009
121 239 45.2077
239 121 45.2077
220 284 78.8267
284 220 78.8267
145 307 16.4165
307 145 16.4165
132 19 23.4327
19 132 23.4327
189 101 54.1235
101 189 54.1235
245 251 51.2902
251 245 51.2902
6 122 60.7905
122 6 60.7905
274 258 92.1644
258 274 92.1644
67 156 19.28
156 67 19.28
29 252 99.2009
252 29 99.2009
41 294 34.739
294 41 34.739
173 35 23.1427
35 173 23.1427
59 154 31.5875
154 59 31.5875
0 63 69.1609
63 0 69.1609
139 133 52.8178
133 139 52.8178
241 298 66.3637
298 241 66.3637
168 107 75.1332
107 168 75.1332
14 258 92.8698
258 14 92.8698
300 271 17.1246
271 300 17.1246
9 232 62.3624
232 9 62.3624
180 56 61.5249
56 180 61.5249
89 57 72.2199
57 89 72.2199
128 109 14.6758
109 128 14.6758
322 158 74.8098
158 322 74.8098
162 298 15.0302
298 162 15.0302
212 35 27.8473
35 212 27.8473
315 122 83.7284
122 315 83.7284
274 241 83.0736
241 274 83.0736
19 316 24.573
316 19 24.573
288 318 47.4192
318 288 47.4192
66 133 12.9652
133 66 12.9652
68 53 95.2936
53 68 95.2936
37 214 36.4628
214 37 36.4628
299 194 56.8512
194 299 56.8512
5 47 61.4781
47 5 61.4781
236 133 57.5483
133 236 57.5483
106 264 12.661
264 106 12.661
84 247 55.9803
247 84 55.9803
252 101 50.5918
101 252 50.5918
180 282 16.3312
282 180 16.3312
118 43 79.5439
43 118 79.5439
267 70 49.9802
70 267 49.9802
148 151 51.4501
151 148 51.4501
8 204 68.4848
204 8 68.4848
72 165 13.398
165 72 13.398
259 295 67.1502
295 259 67.1502
215 199 75.7666
199 215 75.7666
32 196 92.6584
196 32 92.6584
119 89 62.8097
89 119 62.8097
211 7 53.2411
7 211 53.2411
59 168 15.6507
168 59 15.6507
95 211 15.0064
211 95 15.0064
254 303 94.2883
303 254 94.2883
50 182 91.7701
182 50 91.7701
138 44 90.5809
44 138 90.5809
51 322 11.9438
322 51 11.9438
101 123 12.6243
123 101 12.6243
279 229 39.132
229 279 39.132
246 56 72.0958
56 246 72.0958
319 31 85.6519
31 319 85.6519
189 179 16.6275
179 189 16.6275
284 46 65.2241
46 284 65.2241
51 83 47.0941
83 51 47.0941
223 281 59.0628
281 223 59.0628
229 283 69.7197
283 229 69.7197
274 29 65.5487
29 274 65.5487
121 79 36.2857
79 121 36.2857
160 83 94.4556
83 160 94.4556
195 95 83.912
95 195 83.912
128 157 72.0753
157 128 72.0753
102 247 73.3272
247 102 73.3272
75 178 69.6043
178 75 69.6043
67 178 39.8708
178 67 39.8708
249 204 73.9833
204 249 73.9833
251 122 64.1913
122 251 64.1913
200 173 96.2835
173 200 96.2835
126 8 41.0668
8 126 41.0668
190 274 75.0256
274 190 75.0256
31 109 13.6378
109 31 13.6378
137 172 98.1897
172 137 98.1897
138 257 46.883
257 138 46.883
168 9 26.3321
9 168 26.3321
194 65 46.0678
65 194 46.0678
32 306 93.5074
306 32 93.5074
98 317 53.7473
317 98 53.7473
160 271 59.3684
271 160 59.3684
235 263 16.4193
263 235 16.4193
26 143 88.595
143 26 88.595
251 68 89.3116
68 251 89.3116
56 133 41.1317
133 56 41.1317
165 98 17.1783
98 165 17.1783
116 225 13.6889
225 116 13.6889
73 86 60.0693
86 73 60.0693
30 293 82.4771
293 30 82.4771
8 239 34.7455
239 8 34.7455
145 255 15.5753
255 145 15.5753
47 309 39.9673
309 47 39.9673
76 317 64.2243
317 76 64.2243
45 111 33.7876
111 45 33.7876
85 257 96.6717
257 85 96.6717
250 256 32.8043
256 250 32.8043
90 277 75.2102
277 90 75.2102
303 1 54.8022
1 303 54.8022
298 289 34.1335
289 298 34.1335
250 154 41.6096
154 250 41.6096
281 267 71.4165
267 281 71.4165
6 299 71.0714
299 6 71.0714
35 115 39.9482
115 35 39.9482
183 235 62.6666
235 183 62.6666
107 58 24.0285
58 107 24.0285
197 69 61.3688
69 197 61.3688
71 220 77.7573
220 71 77.7573
162 95 49.8296
95 162 49.8296
185 254 97.0231
254 185 97.0231
27 16 48.3314
16 27 48.3314
174 74 72.0547
74 174 72.0547
49 219 92.3034
219 49 92.3034
49 187 57.9789
187 49 57.9789
218 28 95.1285
28 218 95.1285
69 190 72.0045
190 69 72.0045
297 151 91.8342
151 297 91.8342
200 236 41.0286
236 200 41.0286
129 45 75.6638
45 129 75.6638
23 3 55.4319
3 23 55.4319
252 286 57.2926
286 252 57.2926
246 303 27.9188
303 246 27.9188
29 156 59.4787
156 29 59.4787
42 73 87.1487
73 42 87.1487
60 92 77.261
92 60 77.261
99 36 67.8454
36 99 67.8454
316 301 13.8648
301 316 13.8648
271 152 94.496
152 271 94.496
250 124 25.1544
124 250 25.1544
259 165 15.7229
165 259 15.7229
217 41 70.8729
41 217 70.8729
23 277 63.3288
277 23 63.3288
166 71 99.3196
71 166 99.3196
208 179 18.2569
179 208 18.2569
56 254 39.8959
254 56 39.8959
42 178 55.2338
178 42 55.2338
253 26 55.2234
26 253 55.2234
126 189 62.5985
189 126 62.5985
59 225 87.4233
225 59 87.4233
226 115 54.4657
115 226 54.4657
305 147 80.692
147 305 80.692
282 243 29.9841
243 282 29.9841
306 270 47.8081
270 306 47.8081
24 96 35.1313
96 24 35.1313
14 228 58.504
228 14 58.504
276 87 73.218
87 276 73.218
88 93 91.1635
93 88 91.1635
291 11 31.2136
11 291 31.2136
314 99 10.1708
99 314 10.1708
230 221 57.5283
221 230 57.5283
277 60 16.8451
60 277 16.8451
153 191 87.9226
191 153 87.9226
93 15 97.3386
15 93 97.3386
28 40 72.1226
40 28 72.1226
215 35 14.0885
35 215 14.0885
159 232 42.6683
232 159 42.6683
187 59 86.4089
59 187 86.4089
82 149 38.3872
149 82 38.3872
69 181 30.0946
181 69 30.0946
61 18 22.1917
18 61 22.1917
24 19 54.935
19 24 54.935
87 52 39.8042
52 87 39.8042
106 306 10.5569
306 106 10.5569
72 35 22.1342
35 72 22.1342
22 225 82.3501
225 22 82.3501
23 46 88.2548
46 23 88.2548
154 105 97.6621
105 154 97.6621
271 280 84.8343
280 271 84.8343
81 114 66.269
114 81 66.269
168 116 33.9127
116 168 33.9127
230 134 53.6745
134 230 53.6745
221 21 59.3909
21 221 59.3909
140 112 33.6
112 140 33.6
16 114 73.4171
114 16 73.4171
218 73 24.8982
73 218 24.8982
75 85 28.819
85 75 28.819
105 21 72.0839
21 105 72.0839
243 276 58.7246
276 243 58.7246
32 277 97.7348
277 32 97.7348
202 230 47.211
230 202 47.211
26 202 85.2338
202 26 85.2338
59 161 35.4783
161 59 35.4783
273 281 90.5575
281 273 90.5575
242 167 90.5801
167 242 90.5801
110 216 38.0615
216 110 38.0615
292 50 74.783
50 292 74.783
199 45 50.3321
45 199 50.3321
130 235 45.7157
235 130 45.7157
117 15 64.0597
15 117 64.0597
21 172 86.0935
172 21 86.0935
248 61 90.2353
61 248 90.2353
220 130 15.0084
130 220 15.0084
260 163 60.1711
163 260 60.1711
103 95 86.475
95 103 86.475
298 245 57.7653
245 298 57.7653
211 240 73.8044
240 211 73.8044
140 152 17.2346
152 140 17.2346
117 281 16.1581
281 117 16.1581
4 140 83.9964
140 4 83.9964
269 149 76.041
149 269 76.041
120 235 25.1045
235 120 25.1045
156 109 79.3691
109 156 79.3691
269 66 31.4127
66 269 31.4127
300 42 61.3858
42 300 61.3858
234 110 10.2126
110 234 10.2126
96 57 43.3036
57 96 43.3036
102 73 42.9111
73 102 42.9111
173 33 15.7052
33 173 15.7052
185 294 65.9424
294 185 65.9424
139 144 80.3879
144 139 80.3879
40 211 69.0006
211 40 69.0006
8 196 78.4006
196 8 78.4006
284 35 92.4013
35 284 92.4013
321 155 53.5091
155 321 53.5091
68 236 72.3349
236 68 72.3349
223 11 60.6391
11 223 60.6391
291 27 99.8183
27 291 99.8183
25 208 45.1452
208 25 45.1452
207 138 18.8952
138 207 18.8952
278 267 56.1914
267 278 56.1914
94 186 88.6373
186 94 88.6373
254 275 70.6965
275 254 70.6965
103 254 59.7046
254 103 59.7046
98 240 17.6133
240 98 17.6133
206 47 42.5093
47 206 42.5093
238 173 97.7941
173 238 97.7941
77 157 68.8735
157 77 68.8735
307 140 72.5163
140 307 72.5163
49 284 24.427
284 49 24.427
288 30 42.3004
30 288 42.3004
316 219 64.5675
219 316 64.5675
207 88 85.889
88 207 85.889
17 65 56.4999
65 17 56.4999
87 211 90.4695
211 87 90.4695
111 255 21.4807
255 111 21.4807
257 170 59.7879
170 257 59.7879
180 59 59.0894
59 180 59.0894
252 20 16.7413
20 252 16.7413
154 99 77.3149
99 154 77.3149
211 246 92.8214
246 211 92.8214
142 11 76.294
11 142 76.294
254 294 52.5162
294 254 52.5162
1 212 82.0569
212 1 82.0569
51 220 74.3363
220 51 74.3363
4 61 66.8992
61 4 66.8992
91 302 72.6302
302 91 72.6302
309 70 15.41
70 309 15.41
306 231 44.5186
231 306 44.5186
293 16 98.563
16 293 98.563
303 9 27.4443
9 303 27.4443
156 280 85.3521
280 156 85.3521
152 196 31.613
196 152 31.613
201 240 11.3875
240 201 11.3875
45 59 79.2113
59 45 79.2113
278 10 42.9679
10 278 42.9679
317 227 31.9866
227 317 31.9866
72 196 22.6138
196 72 22.6138
60 78 63.1366
78 60 63.1366
198 240 37.7006
240 198 37.7006
125 155 76.61
155 125 76.61
161 18 29.9804
18 161 29.9804
257 102 11.2138
102 257 11.2138
204 203 35.3856
203 204 35.3856
211 241 43.8418
241 211 43.8418
257 99 55.6917
99 257 55.6917
254 249 87.2501
249 254 87.2501
18 123 75.4959
123 18 75.4959
182 81 49.2521
81 182 49.2521
195 312 63.2716
312 195 63.2716
291 142 94.4559
142 291 94.4559
220 19 10.3553
19 220 10.3553
198 320 90.9108
320 198 90.9108
225 40 11.7939
40 225 11.7939
5 98 68.6234
98 5 68.6234
83 127 93.2301
127 83 93.2301
66 314 23.3067
314 66 23.3067
237 16 11.6881
16 237 11.6881
22 224 59.3108
224 22 59.3108
275 173 45.0434
173 275 45.0434
83 200 68.2952
200 83 68.2952
131 209 90.301
209 131 90.301
206 322 89.1435
322 206 89.1435
131 226 13.7306
226 131 13.7306
319 82 21.6009
82 319 21.6009
159 240 71.1504
240 159 71.1504
156 103 45.9395
103 156 45.9395
152 301 20.729
301 152 20.729
145 99 85.3223
99 145 85.3223
5 141 71.6525
141 5 71.6525
229 316 40.0181
316 229 40.0181
205 30 62.4409
30 205 62.4409
283 118 56.4857
118 283 56.4857
300 111 93.3032
111 300 93.3032
160 223 48.761
223 160 48.761
70 232 82.379
232 70 82.379
312 228 97.7139
228 312 97.7139
249 69 55.3003
69 249 55.3003
63 277 53.2612
277 63 53.2612
159 168 27.8818
168 159 27.8818
250 196 34.3962
196 250 34.3962
53 43 22.9583
43 53 22.9583
167 94 34.5713
94 167 34.5713
290 202 38.0795
202 290 38.0795
249 174 62.1867
174 249 62.1867
93 227 45.6146
227 93 45.6146
129 69 79.5604
69 129 79.5604
158 24 61.7966
24 158 61.7966
23 220 97.7384
220 23 97.7384
246 304 66.2057
304 246 66.2057
131 1 65.67
1 131 65.67
248 99 12.0301
99 248 12.0301
191 305 17.1583
305 191 17.1583
135 266 42.3191
266 135 42.3191
112 126 92.3645
126 112 92.3645
156 279 69.4561
279 156 69.4561
139 65 50.6774
65 139 50.6774
22 131 18.1506
131 22 18.1506
245 276 26.591
276 245 26.591
31 151 25.7809
151 31 25.7809
40 81 15.7349
81 40 15.7349
112 88 88.947
88 112 88.947
43 296 72.9213
296 43 72.9213
217 267 87.4659
267 217 87.4659
88 175 67.9793
175 88 67.9793
124 84 93.6512
84 124 93.6512
147 71 34.8069
71 147 34.8069
281 308 90.9755
308 281 90.9755
24 215 73.1137
215 24 73.1137
60 115 52.0376
115 60 52.0376
3 228 29.0839
228 3 29.0839
168 71 34.2373
71 168 34.2373
169 103 49.0981
103 169 49.0981
179 75 23.1581
75 179 23.1581
22 275 25.381
275 22 25.381
95 259 37.9447
259 95 37.9447
62 169 41.861
169 62 41.861
260 29 92.2681
29 260 92.2681
121 309 70.009
309 121 70.009
295 241 62.3823
241 295 62.3823
197 5 74.0687
5 197 74.0687
308 73 19.5512
73 308 19.5512
319 212 50.9127
212 319 50.9127
38 277 18.7023
277 38 18.7023
82 92 73.4269
92 82 73.4269
120 65 13.4738
65 120 13.4738
43 7 73.1632
7 43 73.1632
81 281 52.3394
281 81 52.3394
316 166 11.1269
166 316 11.1269
27 240 91.9763
240 27 91.9763
216 59 66.2226
59 216 66.2226
322 187 96.9609
187 322 96.9609
210 201 29.3227
201 210 29.3227
261 140 86.2989
140 261 86.2989
141 98 88.4167
98 141 88.4167
263 5 40.3706
5 263 40.3706
163 314 23.7187
314 163 23.7187
27 289 87.9998
289 27 87.9998
102 182 21.3707
182 102 21.3707
218 127 94.7087
127 218 94.7087
16 208 90.7202
208 16 90.7202
306 9 99.0881
9 306 99.0881
316 308 35.0416
308 316 35.0416
237 288 31.501
288 237 31.501
32 58 94.1518
58 32 94.1518
92 132 63.6368
132 92 63.6368
19 312 55.5171
312 19 55.5171
128 50 77.687
50 128 77.687
74 208 85.4321
208 74 85.4321
156 210 92.1987
210 156 92.1987
28 178 55.4268
178 28 55.4268
313 246 39.8215
246 313 39.8215
84 253 47.783
253 84 47.783
237 273 76.5004
273 237 76.5004
137 35 78.7178
35 137 78.7178
113 81 46.1013
81 113 46.1013
35 142 38.1341
142 35 38.1341
165 225 85.2978
225 165 85.2978
124 14 79.7309
14 124 79.7309
306 198 92.8447
198 306 92.8447
222 179 97.0861
179 222 97.0861
294 155 54.2861
155 294 54.2861
175 234 14.2488
234 175 14.2488
198 180 80.2419
180 198 80.2419
218 281 52.3663
281 218 52.3663
65 202 15.1688
202 65 15.1688
95 14 65.7857
14 95 65.7857
80 122 84.8874
122 80 84.8874
320 103 37.9719
103 320 37.9719
220 33 25.747
33 220 25.747
46 6 61.3028
6 46 61.3028
219 285 77.9376
285 219 77.9376
22 177 28.1061
177 22 28.1061
77 24 80.1613
24 77 80.1613
22 247 66.3925
247 22 66.3925
264 281 22.5425
281 264 22.5425
87 96 74.7644
96 87 74.7644
74 83 21.7711
83 74 21.7711
120 79 30.8427
79 120 30.8427
100 127 35.0726
127 100 35.0726
66 82 20.8814
82 66 20.8814
226 196 63.4357
196 226 63.4357
321 211 94.9492
211 321 94.9492
218 118 31.8853
118 218 31.8853
310 242 30.3325
242 310 30.3325
161 296 42.4738
296 161 42.4738
103 314 70.6521
314 103 70.6521
159 256 97.3973
256 159 97.3973
139 297 42.1518
297 139 42.1518
182 313 85.1682
313 182 85.1682
100 81 20.3319
81 100 20.3319
113 210 26.1727
210 113 26.1727
27 321 66.596
321 27 66.596
156 16 27.47
16 156 27.47
140 136 21.4553
136 140 21.4553
260 259 15.1807
259 260 15.1807
90 197 28.1851
197 90 28.1851
46 206 63.2399
206 46 63.2399
135 231 65.5591
231 135 65.5591
275 110 58.1904
110 275 58.1904
69 34 74.0258
34 69 74.0258
126 0 52.5947
0 126 52.5947
140 114 80.1968
114 140 80.1968
2 130 53.2595
130 2 53.2595
183 139 30.0378
139 183 30.0378
29 134 31.0214
134 29 31.0214
286 47 82.2027
47 286 82.2027
113 297 54.7475
297 113 54.7475
150 198 16.2076
198 150 16.2076
11 228 50.4268
228 11 50.4268
215 298 95.5762
298 215 95.5762
236 13 76.8282
13 236 76.8282
88 164 98.0908
164 88 98.0908
223 234 18.186
234 223 18.186
134 201 72.6103
201 134 72.6103
38 85 54.3186
85 38 54.3186
187 281 89.3698
281 187 89.3698
316 68 59.8436
68 316 59.8436
189 137 88.4735
137 189 88.4735
71 78 57.1484
78 71 57.1484
62 149 88.8512
149 62 88.8512
27 181 99.3174
181 27 99.3174
119 277 10.0941
277 119 10.0941
201 56 24.521
56 201 24.521
102 284 66.7134
284 102 66.7134
73 120 34.5618
120 73 34.5618
12 96 87.7879
96 12 87.7879
143 309 83.1455
309 143 83.1455
75 206 46.5291
206 75 46.5291
271 139 76.0962
139 271 76.0962
191 24 42.4411
24 191 42.4411
62 270 60.9004
270 62 60.9004
257 20 78.174
20 257 78.174
186 91 56.4753
91 186 56.4753
40 70 67.3658
70 40 67.3658
318 191 55.9262
191 318 55.9262
155 20 87.2611
20 155 87.2611
141 4 20.6206
4 141 20.6206
265 97 10.7798
97 265 10.7798
127 104 59.2412
104 127 59.2412
132 65 38.9014
65 132 38.9014
316 74 23.4321
74 316 23.4321
11 164 65.3547
164 11 65.3547
42 72 13.4333
72 42 13.4333
104 298 88.1034
298 104 88.1034
222 148 37.0421
148 222 37.0421
323 99 42.2083
99 323 42.2083
253 202 91.6746
202 253 91.6746
260 81 35.1389
81 260 35.1389
88 245 89.3101
245 88 89.3101
251 279 12.7198
279 251 12.7198
43 270 67.6087
270 43 67.6087
162 216 14.0199
216 162 14.0199
223 31 70.0433
31 223 70.0433
25 94 99.4736
94 25 99.4736
233 310 91.8566
310 233 91.8566
275 321 15.7925
321 275 15.7925
227 135 87.8518
135 227 87.8518
53 133 11.1989
133 53 11.1989
9 231 25.4418
231 9 25.4418
114 129 87.5936
129 114 87.5936
45 15 65.7712
15 45 65.7712
293 76 23.6963
76 293 23.6963
164 17 83.1184
17 164 83.1184
264 206 12.6571
206 264 12.6571
96 156 71.669
156 96 71.669
77 237 10.663
237 77 10.663
270 39 10.4971
39 270 10.4971
269 17 86.8536
17 269 86.8536
81 42 76.2079
42 81 76.2079
216 225 62.8078
225 216 62.8078
322 144 23.4223
144 322 23.4223
87 45 29.4067
45 87 29.4067
302 34 11.3114
34 302 11.3114
65 41 87.7861
41 65 87.7861
260 229 86.2272
229 260 86.2272
220 30 67.1952
30 220 67.1952
173 310 54.6212
310 173 54.6212
148 59 60.1393
59 148 60.1393
20 261 83.5338
261 20 83.5338
199 87 54.1065
87 199 54.1065
235 301 68.172
301 235 68.172
184 91 50.8561
91 184 50.8561
226 111 81.973
111 226 81.973
316 87 68.3322
87 316 68.3322
156 131 40.4871
131 156 40.4871
193 285 84.501
285 193 84.501
124 227 69.7252
227 124 69.7252
251 188 55.0502
188 251 55.0502
318 2 93.9794
2 318 93.9794
227 313 77.2212
313 227 77.2212
44 61 11.8957
61 44 11.8957
13 78 15.235
78 13 15.235
175 62 15.3415
62 175 15.3415
118 152 39.4224
152 118 39.4224
302 298 38.5378
298 302 38.5378
188 189 76.5256
189 188 76.5256
156 164 48.037
164 156 48.037
111 179 46.1624
179 111 46.1624
161 174 83.0054
174 161 83.0054
34 61 89.6924
61 34 89.6924
206 187 24.8049
187 206 24.8049
278 168 98.7398
168 278 98.7398
157 98 56.439
98 157 56.439
141 248 91.8409
248 141 91.8409
278 101 44.3908
101 278 44.3908
162 291 37.7284
291 162 37.7284
53 31 84.1171
31 53 84.1171
187 318 47.4219
318 187 47.4219
85 258 13.4788
258 85 13.4788
174 106 85.0786
106 174 85.0786
263 164 85.587
164 263 85.587
221 154 78.3842
154 221 78.3842
259 249 44.9934
249 259 44.9934
64 228 90.4691
228 64 90.4691
323 193 40.3164
193 323 40.3164
94 74 96.3722
74 94 96.3722
254 154 14.4034
154 254 14.4034
269 229 87.8378
229 269 87.8378
19 160 17.5206
160 19 17.5206
136 201 62.1801
201 136 62.1801
26 118 88.9753
118 26 88.9753
306 26 28.2475
26 306 28.2475
168 40 10.6174
40 168 10.6174
234 177 72.4929
177 234 72.4929
45 47 53.8736
47 45 53.8736
207 124 56.7697
124 207 56.7697
166 232 74.1939
232 166 74.1939
272 179 37.1383
179 272 37.1383
110 36 94.9084
36 110 94.9084
262 101 28.1934
101 262 28.1934
132 305 19.976
305 132 19.976
60 189 81.1965
189 60 81.1965
285 277 47.3924
277 285 47.3924
148 18 37.1569
18 148 37.1569
133 43 93.1434
43 133 93.1434
40 178 47.5662
178 40 47.5662
186 306 27.7289
306 186 27.7289
201 158 55.0015
158 201 55.0015
317 262 25.5404
262 317 25.5404
73 294 38.1575
294 73 38.1575
40 322 67.6387
322 40 67.6387
33 236 31.6198
236 33 31.6198
246 139 54.7123
139 246 54.7123
178 303 83.9974
303 178 83.9974
231 305 29.436
305 231 29.436
3 289 30.0084
289 3 30.0084
255 88 44.7448
88 255 44.7448
17 18 94.8223
18 17 94.8223
21 268 64.5956
268 21 64.5956
39 58 88.1892
58 39 88.1892
207 35 33.7836
35 207 33.7836
278 25 27.6309
25 278 27.6309
106 216 62.7482
216 106 62.7482
323 1 46.6187
1 323 46.6187
168 252 77.7017
252 168 77.7017
100 90 23.9303
90 100 23.9303
288 290 14.7663
290 288 14.7663
291 141 21.3641
141 291 21.3641
216 27 85.558
27 216 85.558
161 22 22.1527
22 161 22.1527
132 123 80.8055
123 132 80.8055
313 218 76.6026
218 313 76.6026
162 181 51.8715
181 162 51.8715
308 249 60.6424
249 308 60.6424
10 312 95.5995
312 10 95.5995
121 264 88.5393
264 121 88.5393
144 113 48.8768
113 144 48.8768
183 99 90.0001
99 183 90.0001
84 33 94.2557
33 84 94.2557
210 103 51.3836
103 210 51.3836
12 319 63.6937
319 12 63.6937
301 198 16.1236
198 301 16.1236
150 261 24.4312
261 150 24.4312
184 143 77.8908
143 184 77.8908
284 70 98.0943
70 284 98.0943
130 218 12.9687
218 130 12.9687
241 212 95.2282
212 241 95.2282
65 94 38.115
94 65 38.115
89 164 43.4602
164 89 43.4602
122 91 42.2553
91 122 42.2553
73 173 40.0024
173 73 40.0024
29 38 51.0874
38 29 51.0874
166 206 16.2775
206 166 16.2775
66 264 65.3275
264 66 65.3275
54 320 77.183
320 54 77.183
322 167 56.3397
167 322 56.3397
303 35 83.5255
35 303 83.5255
238 256 61.2282
256 238 61.2282
19 10 28.9944
10 19 28.9944
47 319 72.6984
319 47 72.6984
5 54 42.709
54 5 42.709
50 244 12.7023
244 50 12.7023
171 40 78.7056
40 171 78.7056
51 62 20.0021
62 51 20.0021
265 203 84.517
203 265 84.517
158 221 46.6545
221 158 46.6545
135 228 86.8768
228 135 86.8768
261 238 56.7702
238 261 56.7702
100 289 44.8422
289 100 44.8422
91 263 57.1571
263 91 57.1571
196 159 60.1348
159 196 60.1348
220 307 72.1954
307 220 72.1954
266 121 59.0149
121 266 59.0149
147 291 62.3923
291 147 62.3923
98 280 28.2007
280 98 28.2007
192 38 47.1392
38 192 47.1392
194 220 40.789
220 194 40.789
226 315 81.6819
315 226 81.6819
220 206 94.0816
206 220 94.0816
144 186 43.417
186 144 43.417
37 261 27.2093
261 37 27.2093
153 3 79.3772
3 153 79.3772
294 257 95.2175
257 294 95.2175
301 76 77.3398
76 301 77.3398
303 82 49.4572
82 303 49.4572
176 36 72.6523
36 176 72.6523
62 187 97.7471
187 62 97.7471
143 30 12.2404
30 143 12.2404
140 81 58.7071
81 140 58.7071
289 293 70.92
293 289 70.92
103 177 20.7094
177 103 20.7094
141 268 23.8068
268 141 23.8068
83 263 44.3704
263 83 44.3704
211 277 50.0289
277 211 50.0289
260 6 74.8599
6 260 74.8599
222 13 23.6441
13 222 23.6441
99 107 64.4253
107 99 64.4253
22 7 44.8579
7 22 44.8579
153 102 89.9239
102 153 89.9239
181 57 95.8138
57 181 95.8138
147 27 49.6794
27 147 49.6794
230 14 76.5879
14 230 76.5879
72 73 48.3742
73 72 48.3742
109 305 39.7813
305 109 39.7813
225 73 15.0812
73 225 15.0812
44 85 58.9309
85 44 58.9309
119 164 74.527
164 119 74.527
223 268 31.0596
268 223 31.0596
56 28 29.0429
28 56 29.0429
251 130 15.6454
130 251 15.6454
265 257 88.7027
257 265 88.7027
105 188 14.9027
188 105 14.9027
38 111 37.3898
111 38 37.3898
193 191 29.3725
191 193 29.3725
29 34 14.1836
34 29 14.1836
317 191 48.8897
191 317 48.8897
2 159 49.0276
159 2 49.0276
77 281 19.7153
281 77 19.7153
115 245 87.7855
245 115 87.7855
317 189 97.5855
189 317 97.5855
177 158 29.3705
158 177 29.3705
176 118 13.2066
118 176 13.2066
95 52 47.3357
52 95 47.3357
40 97 76.7178
97 40 76.7178
253 104 24.5857
104 253 24.5857
73 271 45.98
271 73 45.98
255 266 92.7103
266 255 92.7103
287 317 17.419
317 287 17.419
117 96 67.7029
96 117 67.7029
301 178 19.9831
178 301 19.9831
48 57 80.6155
57 48 80.6155
43 248 95.2939
248 43 95.2939
198 27 22.6901
27 198 22.6901
81 64 29.07
64 81 29.07
268 137 47.1782
137 268 47.1782
96 323 85.6442
323 96 85.6442
75 204 64.5291
204 75 64.5291
29 8 95.1623
8 29 95.1623
172 239 74.6303
239 172 74.6303
277 61 34.831
61 277 34.831
170 7 12.7437
7 170 12.7437
288 103 79.6942
103 288 79.6942
261 191 12.3705
191 261 12.3705
263 233 18.3208
233 263 18.3208
4 54 30.5794
54 4 30.5794
75 228 91.7473
228 75 91.7473
314 225 38.2244
225 314 38.2244
56 190 29.7457
190 56 29.7457
93 296 34.5336
296 93 34.5336
164 227 31.7019
227 164 31.7019
172 313 99.9864
313 172 99.9864
137 225 29.7042
225 137 29.7042
218 82 95.6601
82 218 95.6601
110 219 91.0669
219 110 91.0669
307 43 43.7509
43 307 43.7509
53 127 32.9222
127 53 32.9222
144 214 64.7441
214 144 64.7441
71 9 51.0031
9 71 51.0031
181 250 45.1433
250 181 45.1433
224 218 83.2756
218 224 83.2756
161 105 41.0595
105 161 41.0595
101 80 83.7272
80 101 83.7272
311 76 36.4102
76 311 36.4102
82 262 38.894
262 82 38.894
191 296 57.7331
296 191 57.7331
222 111 52.9226
111 222 52.9226
16 281 70.7438
281 16 70.7438
151 6 62.2587
6 151 62.2587
26 250 66.4438
250 26 66.4438
318 271 33.6656
271 318 33.6656
163 166 35.4245
166 163 35.4245
70 294 68.9112
294 70 68.9112
196 286 10.7392
286 196 10.7392
318 210 30.5773
210 318 30.5773
24 135 21.7628
135 24 21.7628
45 289 73.663
289 45 73.663
43 303 26.1685
303 43 26.1685
175 54 87.7529
54 175 87.7529
84 181 20.4856
181 84 20.4856
281 236 47.5602
236 281 47.5602
282 313 19.8261
313 282 19.8261
295 174 14.7002
174 295 14.7002
169 323 31.1515
323 169 31.1515
323 168 33.2926
168 323 33.2926
321 198 34.6328
198 321 34.6328
266 235 73.9313
235 266 73.9313
168 189 43.7697
189 168 43.7697
89 36 37.8813
36 89 37.8813
108 319 60.8142
319 108 60.8142
251 267 30.4485
267 251 30.4485
17 92 47.4014
92 17 47.4014
122 306 24.4789
306 122 24.4789
169 175 70.4939
175 169 70.4939
165 315 80.1532
315 165 80.1532
94 310 71.2822
310 94 71.2822
11 74 32.1633
74 11 32.1633
235 250 90.4413
250 235 90.4413
166 70 20.6512
70 166 20.6512
135 130 67.4089
130 135 67.4089
227 23 67.0248
23 227 67.0248
210 60 71.2886
60 210 71.2886
149 272 86.3627
272 149 86.3627
7 252 15.6267
252 7 15.6267
22 106 94.2716
106 22 94.2716
201 68 43.169
68 201 43.169
102 129 21.8753
129 102 21.8753
268 247 19.123
247 268 19.123
154 29 86.06
29 154 86.06
181 253 71.5506
253 181 71.5506
286 16 22.5763
16 286 22.5763
238 133 36.3153
133 238 36.3153
238 280 60.288
280 238 60.288
96 292 81.1082
292 96 81.1082
247 270 70.2972
270 247 70.2972
227 97 29.5335
97 227 29.5335
149 49 23.6053
49 149 23.6053
71 114 74.1703
114 71 74.1703
283 310 39.368
310 283 39.368
288 86 52.0066
86 288 52.0066
127 75 95.8982
75 127 95.8982
281 168 74.9198
168 281 74.9198
221 150 52.4121
150 221 52.4121
125 92 47.5078
92 125 47.5078
144 55 34.4644
55 144 34.4644
279 57 55.5714
57 279 55.5714
107 242 11.488
242 107 11.488
141 88 27.8145
88 141 27.8145
11 135 86.4225
135 11 86.4225
283 237 94.6612
237 283 94.6612
202 10 35.1523
10 202 35.1523
309 268 35.147
268 309 35.147
54 80 44.0865
80 54 44.0865
284 68 89.8871
68 284 89.8871
259 50 69.0021
50 259 69.0021
291 13 21.0152
13 291 21.0152
25 93 44.4158
93 25 44.4158
24 200 86.1366
200 24 86.1366
259 274 44.4325
274 259 44.4325
317 12 18.3199
12 317 18.3199
116 218 71.7367
218 116 71.7367
235 299 25.2648
299 235 25.2648
34 166 13.303
166 34 13.303
70 179 42.8835
179 70 42.8835
136 78 94.6112
78 136 94.6112
100 275 31.8708
275 100 31.8708
114 6 44.8916
6 114 44.8916
182 217 29.4719
217 182 29.4719
254 53 36.3742
53 254 36.3742
237 69 50.5547
69 237 50.5547
33 159 15.4183
159 33 15.4183
164 307 95.6742
307 164 95.6742
129 277 99.34
277 129 99.34
221 199 27.9031
199 221 27.9031
27 99 78.8554
99 27 78.8554
159 212 98.3875
212 159 98.3875
154 165 56.7574
165 154 56.7574
215 256 66.966
256 215 66.966
114 265 79.5102
265 114 79.5102
239 10 85.3036
10 239 85.3036
114 85 45.2065
85 114 45.2065
139 169 70.6592
169 139 70.6592
210 135 34.3774
135 210 34.3774
181 293 28.3483
293 181 28.3483
166 226 61.2813
226 166 61.2813
281 18 49.6404
18 281 49.6404
68 32 10.4283
32 68 10.4283
141 244 82.9648
244 141 82.9648
270 160 54.7604
160 270 54.7604
120 308 52.7611
308 120 52.7611
233 158 29.3791
158 233 29.3791
238 117 98.1598
117 238 98.1598
15 35 32.0599
35 15 32.0599
234 189 36.2942
189 234 36.2942
259 321 37.6107
321 259 37.6107
49 288 67.0491
288 49 67.0491
17 280 95.3092
280 17 95.3092
54 184 44.2402
184 54 44.2402
251 207 22.4302
207 251 22.4302
307 213 29.5454
213 307 29.5454
124 53 78.023
53 124 78.023
123 199 30.7916
199 123 30.7916
133 198 25.3659
198 133 25.3659
91 179 25.8952
179 91 25.8952
203 67 13.0495
67 203 13.0495
215 118 21.3787
118 215 21.3787
42 303 61.7495
303 42 61.7495
194 210 22.877
210 194 22.877
111 185 53.1822
185 111 53.1822
49 76 16.4644
76 49 16.4644
315 252 71.9072
252 315 71.9072
111 254 33.0097
254 111 33.0097
217 213 50.9826
213 217 50.9826
5 298 70.3482
298 5 70.3482
218 208 75.0067
208 218 75.0067
107 56 48.0204
56 107 48.0204
317 144 61.7935
144 317 61.7935
46 215 10.9846
215 46 10.9846
211 63 45.3425
63 211 45.3425
145 186 38.0949
186 145 38.0949
16 200 70.4119
200 16 70.4119
102 23 78.3264
23 102 78.3264
89 162 61.2786
162 89 61.2786
16 319 51.0408
319 16 51.0408
253 142 89.654
142 253 89.654
208 316 48.3699
316 208 48.3699
126 54 12.6294
54 126 12.6294
75 86 79.5713
86 75 79.5713
198 170 32.4792
170 198 32.4792
120 49 53.3377
49 120 53.3377
323 128 96.1881
128 323 96.1881
57 296 63.4872
296 57 63.4872
260 11 86.1921
11 260 86.1921
179 303 70.887
303 179 70.887
94 125 73.6728
125 94 73.6728
226 299 18.7768
299 226 18.7768
245 159 33.459
159 245 33.459
209 199 43.5178
199 209 43.5178
119 118 63.5882
118 119 63.5882
210 276 34.5987
276 210 34.5987
175 128 65.1343
128 175 65.1343
74 289 85.1509
289 74 85.1509
163 45 73.3934
45 163 73.3934
71 41 65.1565
41 71 65.1565
32 53 63.2023
53 32 63.2023
234 257 74.8308
257 234 74.8308
235 27 49.982
27 235 49.982
51 189 75.0396
189 51 75.0396
139 197 82.2467
197 139 82.2467
96 185 62.1797
185 96 62.1797
98 90 87.0693
90 98 87.0693
316 128 75.8504
128 316 75.8504
276 275 46.1775
275 276 46.1775
235 172 74.424
172 235 74.424
126 159 40.787
159 126 40.787
256 208 34.996
208 256 34.996
16 11 96.8921
11 16 96.8921
293 17 49.2107
17 293 49.2107
138 254 37.3186
254 138 37.3186
246 141 89.1528
141 246 89.1528
64 308 31.9089
308 64 31.9089
268 3 51.3597
3 268 51.3597
272 87 47.28
87 272 47.28
139 148 79.5578
148 139 79.5578
87 91 98.954
91 87 98.954
168 67 93.7451
67 168 93.7451
132 227 24.5945
227 132 24.5945
284 288 63.2663
288 284 63.2663
202 303 33.8637
303 202 33.8637
142 318 44.7877
318 142 44.7877
157 118 66.7477
118 157 66.7477
118 134 88.6234
134 118 88.6234
169 145 30.4017
145 169 30.4017
128 132 99.4602
132 128 99.4602
8 105 72.1023
105 8 72.1023
159 217 74.2148
217 159 74.2148
267 304 69.1883
304 267 69.1883
2 116 62.8338
116 2 62.8338
84 174 10.6055
174 84 10.6055
175 130 75.52
130 175 75.52
3 103 88.011
103 3 88.011
280 234 50.8956
234 280 50.8956
228 295 62.959
295 228 62.959
310 272 83.7616
272 310 83.7616
39 110 61.6452
110 39 61.6452
261 196 48.9133
196 261 48.9133
92 195 60.7634
195 92 60.7634
78 255 18.1144
255 78 18.1144
210 321 56.2911
321 210 56.2911
288 157 20.0988
157 288 20.0988
301 225 73.7171
225 301 73.7171
160 165 11.9606
165 160 11.9606
110 120 67.4547
120 110 67.4547
113 174 77.1256
174 113 77.1256
148 14 71.5368
14 148 71.5368
100 159 53.4829
159 100 53.4829
205 195 34.4528
195 205 34.4528
11 287 21.2037
287 11 21.2037
155 323 16.6162
323 155 16.6162
129 8 29.1082
8 129 29.1082
104 185 29.9947
185 104 29.9947
6 100 71.38
100 6 71.38
119 187 52.4433
187 119 52.4433
308 299 72.0868
299 308 72.0868
185 284 87.1982
284 185 87.1982
153 96 26.6417
96 153 26.6417
174 147 48.8559
147 174 48.8559
286 249 63.2065
249 286 63.2065
270 21 36.8539
21 270 36.8539
218 58 72.1969
58 218 72.1969
156 157 20.9696
157 156 20.9696
197 284 93.4288
284 197 93.4288
154 214 85.6549
214 154 85.6549
114 192 96.8977
192 114 96.8977
188 129 29.4719
129 188 29.4719
201 288 45.5437
288 201 45.5437
206 172 89.146
172 206 89.146
22 257 32.5189
257 22 32.5189
134 67 79.2374
67 134 79.2374
77 81 50.9088
81 77 50.9088
214 126 25.729
126 214 25.729
173 274 87.9503
274 173 87.9503
74 218 91.4798
218 74 91.4798
188 165 15.7701
165 188 15.7701
276 285 25.7726
285 276 25.7726
46 59 55.0033
59 46 55.0033
151 308 18.2524
308 151 18.2524
290 228 11.4029
228 290 11.4029
200 60 11.409
60 200 11.409
131 120 41.0968
120 131 41.0968
98 298 15.2552
298 98 15.2552
63 248 81.1215
248 63 81.1215
81 209 74.0975
209 81 74.0975
274 95 28.8161
95 274 28.8161
207 287 11.2823
287 207 11.2823
230 117 72.8547
117 230 72.8547
289 218 88.3435
218 289 88.3435
228 225 38.7515
225 228 38.7515
279 317 59.2268
317 279 59.2268
148 182 80.7348
182 148 80.7348
153 231 79.816
231 153 79.816
20 161 39.6663
161 20 39.6663
199 285 17.3662
285 199 17.3662
115 310 21.4618
310 115 21.4618
174 8 37.7337
8 174 37.7337
151 89 96.6204
89 151 96.6204
90 221 41.3589
221 90 41.3589
149 35 35.2473
35 149 35.2473
68 28 57.2613
28 68 57.2613
205 106 44.0116
106 205 44.0116
195 117 74.4797
117 195 74.4797
205 82 85.9905
82 205 85.9905
10 310 88.0124
310 10 88.0124
321 148 89.4079
148 321 89.4079
68 7 83.0957
7 68 83.0957
232 205 57.7721
205 232 57.7721
98 29 61.3236
29 98 61.3236
190 269 83.5521
269 190 83.5521
256 48 34.4933
48 256 34.4933
235 207 58.429
207 235 58.429
181 241 36.7285
241 181 36.7285
189 295 75.8488
295 189 75.8488
40 180 79.2368
180 40 79.2368
159 105 85.3646
105 159 85.3646
103 190 36.0878
190 103 36.0878
23 91 73.3183
91 23 73.3183
262 112 26.4714
112 262 26.4714
119 132 44.713
