457 8322 235 287
1 0 46.4101
0 1 46.4101
2 1 12.3509
1 2 12.3509
3 0 34.0691
0 3 34.0691
4 3 12.3044
3 4 12.3044
5 4 91.1455
4 5 91.1455
6 4 19.5085
4 6 19.5085
7 3 95.3818
3 7 95.3818
8 2 92.7146
2 8 92.7146
9 6 66.9312
6 9 66.9312
10 5 33.8394
5 10 33.8394
11 8 92.8856
8 11 92.8856
12 2 43.3948
2 12 43.3948
13 6 43.977
6 13 43.977
14 13 33.2982
13 14 33.2982
15 5 25.8016
5 15 25.8016
16 7 87.9946
7 16 87.9946
17 6 88.0557
6 17 88.0557
18 12 22.8009
12 18 22.8009
19 4 15.5936
4 19 15.5936
20 12 98.532
12 20 98.532
21 1 60.5544
1 21 60.5544
22 11 82.5204
11 22 82.5204
23 6 72.7484
6 23 72.7484
24 21 66.775
21 24 66.775
25 14 64.7589
14 25 64.7589
26 6 45.2942
6 26 45.2942
27 13 52.0714
13 27 52.0714
28 21 20.3168
21 28 20.3168
29 8 17.369
8 29 17.369
30 11 39.2005
11 30 39.2005
31 21 53.6056
21 31 53.6056
32 20 99.206
20 32 99.206
33 0 12.7933
0 33 12.7933
34 21 82.3202
21 34 82.3202
35 34 20.689
34 35 20.689
36 3 17.2376
3 36 17.2376
37 11 42.8272
11 37 42.8272
38 21 68.4591
21 38 68.4591
39 37 45.4201
37 39 45.4201
40 36 73.9796
36 40 73.9796
41 17 13.8901
17 41 13.8901
42 22 38.7112
22 42 38.7112
43 30 29.2123
30 43 29.2123
44 37 87.5057
37 44 87.5057
45 44 11.6774
44 45 11.6774
46 36 96.114
36 46 96.114
47 40 31.0278
40 47 31.0278
48 18 30.3449
18 48 30.3449
49 10 61.3506
10 49 61.3506
50 15 36.4738
15 50 36.4738
51 38 38.3297
38 51 38.3297
52 26 52.9855
26 52 52.9855
53 52 67.0501
52 53 67.0501
54 44 60.218
44 54 60.218
55 2 28.6047
2 55 28.6047
56 19 48.7306
19 56 48.7306
57 52 63.9839
52 57 63.9839
58 25 45.9338
25 58 45.9338
59 34 65.1005
34 59 65.1005
60 42 19.8505
42 60 19.8505
61 26 36.6761
26 61 36.6761
62 28 21.506
28 62 21.506
63 62 20.9884
62 63 20.9884
64 27 37.4206
27 64 37.4206
65 47 46.3444
47 65 46.3444
66 34 50.2488
34 66 50.2488
67 46 92.116
46 67 92.116
68 63 45.6875
63 68 45.6875
69 2 69.7795
2 69 69.7795
70 57 23.7368
57 70 23.7368
71 19 19.541
19 71 19.541
72 31 70.2847
31 72 70.2847
73 52 47.3877
52 73 47.3877
74 39 21.2544
39 74 21.2544
75 55 54.1449
55 75 54.1449
76 50 97.744
50 76 97.744
77 24 54.9937
24 77 54.9937
78 5 32.4262
5 78 32.4262
79 27 89.3215
27 79 89.3215
80 43 11.5427
43 80 11.5427
81 45 24.6562
45 81 24.6562
82 3 66.6794
3 82 66.6794
83 38 43.0288
38 83 43.0288
84 52 30.6125
52 84 30.6125
85 1 34.2578
1 85 34.2578
86 14 57.4843
14 86 57.4843
87 51 66.8891
51 87 66.8891
88 58 58.637
58 88 58.637
89 51 66.4299
51 89 66.4299
90 45 17.7691
45 90 17.7691
91 67 11.0576
67 91 11.0576
92 76 68.1364
76 92 68.1364
93 9 62.6815
9 93 62.6815
94 34 38.708
34 94 38.708
95 70 79.8696
70 95 79.8696
96 22 32.5607
22 96 32.5607
97 91 10.5912
91 97 10.5912
98 21 46.4051
21 98 46.4051
99 84 81.9539
84 99 81.9539
100 66 18.242
66 100 18.242
101 61 58.3455
61 101 58.3455
102 51 63.56
51 102 63.56
103 18 30.1465
18 103 30.1465
104 12 57.9596
12 104 57.9596
105 4 99.265
4 105 99.265
106 40 46.8211
40 106 46.8211
107 89 62.7167
89 107 62.7167
108 2 59.4622
2 108 59.4622
109 0 23.0909
0 109 23.0909
110 90 76.923
90 110 76.923
111 60 22.1922
60 111 22.1922
112 94 22.2433
94 112 22.2433
113 73 53.3458
73 113 53.3458
114 11 10.566
11 114 10.566
115 1 89.2272
1 115 89.2272
116 66 42.3387
66 116 42.3387
117 47 55.8907
47 117 55.8907
118 100 32.9423
100 118 32.9423
119 57 41.6781
57 119 41.6781
120 44 23.2394
44 120 23.2394
121 82 96.034
82 121 96.034
122 16 48.1101
16 122 48.1101
123 116 57.3724
116 123 57.3724
124 115 13.8695
115 124 13.8695
125 15 11.7318
15 125 11.7318
126 108 70.206
108 126 70.206
127 57 40.3757
57 127 40.3757
128 73 56.0086
73 128 56.0086
129 19 34.1882
19 129 34.1882
130 62 49.5329
62 130 49.5329
131 22 24.5616
22 131 24.5616
132 51 69.711
51 132 69.711
133 44 51.9137
44 133 51.9137
134 52 75.2637
52 134 75.2637
135 92 51.4419
92 135 51.4419
136 100 79.73
100 136 79.73
137 71 16.3902
71 137 16.3902
138 5 95.5883
5 138 95.5883
139 44 67.592
44 139 67.592
140 120 39.2752
120 140 39.2752
141 19 70.4643
19 141 70.4643
142 9 78.38
9 142 78.38
143 69 34.505
69 143 34.505
144 142 98.7816
142 144 98.7816
145 123 90.6396
123 145 90.6396
146 59 11.2632
59 146 11.2632
147 95 48.7807
95 147 48.7807
148 41 48.9598
41 148 48.9598
149 131 80.5667
131 149 80.5667
150 35 56.6547
35 150 56.6547
151 141 62.793
141 151 62.793
152 4 52.5232
4 152 52.5232
153 81 67.8027
81 153 67.8027
154 25 81.3878
25 154 81.3878
155 10 17.6205
10 155 17.6205
156 110 83.5004
110 156 83.5004
157 48 87.1746
48 157 87.1746
158 116 40.6686
116 158 40.6686
159 104 91.5471
104 159 91.5471
160 73 31.8182
73 160 31.8182
161 118 10.9358
118 161 10.9358
162 103 37.3199
103 162 37.3199
163 53 23.0105
53 163 23.0105
164 7 57.7896
7 164 57.7896
165 11 99.9361
11 165 99.9361
166 77 22.3532
77 166 22.3532
167 123 22.0803
123 167 22.0803
168 124 87.1514
124 168 87.1514
169 52 45.9534
52 169 45.9534
170 91 99.6408
91 170 99.6408
171 164 17.9503
164 171 17.9503
172 133 86.5808
133 172 86.5808
173 103 89.19
103 173 89.19
174 23 89.2403
23 174 89.2403
175 168 20.5297
168 175 20.5297
176 77 78.8449
77 176 78.8449
177 2 29.2641
2 177 29.2641
178 95 30.618
95 178 30.618
179 174 95.3286
174 179 95.3286
180 156 12.6909
156 180 12.6909
181 167 55.3227
167 181 55.3227
182 25 81.6278
25 182 81.6278
183 3 17.0129
3 183 17.0129
184 182 81.261
182 184 81.261
185 156 14.4905
156 185 14.4905
186 29 78.4301
29 186 78.4301
187 120 22.4034
120 187 22.4034
188 51 50.7313
51 188 50.7313
189 67 92.669
67 189 92.669
190 66 90.549
66 190 90.549
191 119 42.6487
119 191 42.6487
192 101 35.7919
101 192 35.7919
193 64 87.853
64 193 87.853
194 177 23.833
177 194 23.833
195 160 89.8187
160 195 89.8187
196 184 46.7164
184 196 46.7164
197 174 77.2384
174 197 77.2384
198 165 23.9973
165 198 23.9973
199 136 12.7413
136 199 12.7413
200 191 52.6241
191 200 52.6241
201 130 70.7575
130 201 70.7575
202 144 89.0313
144 202 89.0313
203 126 65.5442
126 203 65.5442
204 167 59.5824
167 204 59.5824
205 204 46.1047
204 205 46.1047
206 56 26.3877
56 206 26.3877
207 136 51.5871
136 207 51.5871
208 117 85.5276
117 208 85.5276
209 164 43.0417
164 209 43.0417
210 90 79.2467
90 210 79.2467
211 113 74.3474
113 211 74.3474
212 34 81.7998
34 212 81.7998
213 26 97.5976
26 213 97.5976
214 24 47.9816
24 214 47.9816
215 191 96.8891
191 215 96.8891
216 186 24.9461
186 216 24.9461
217 125 37.9256
125 217 37.9256
218 9 87.7485
9 218 87.7485
219 104 74.9316
104 219 74.9316
220 170 60.2171
170 220 60.2171
221 28 26.165
28 221 26.165
222 94 49.7508
94 222 49.7508
223 10 58.5381
10 223 58.5381
224 185 63.4664
185 224 63.4664
225 137 40.0854
137 225 40.0854
226 88 52.7161
88 226 52.7161
227 111 23.8657
111 227 23.8657
228 224 14.1524
224 228 14.1524
229 192 97.3627
192 229 97.3627
230 57 96.7789
57 230 96.7789
231 91 34.991
91 231 34.991
232 3 38.5047
3 232 38.5047
233 46 66.4511
46 233 66.4511
234 107 54.2008
107 234 54.2008
235 217 54.6733
217 235 54.6733
236 125 97.7567
125 236 97.7567
237 114 67.8817
114 237 67.8817
238 178 45.9974
178 238 45.9974
239 230 80.308
230 239 80.308
240 101 73.2471
101 240 73.2471
241 28 96.5566
28 241 96.5566
242 8 93.5466
8 242 93.5466
243 58 82.6074
58 243 82.6074
244 123 23.9228
123 244 23.9228
245 37 50.3128
37 245 50.3128
246 78 63.7464
78 246 63.7464
247 12 11.8567
12 247 11.8567
248 215 50.2126
215 248 50.2126
249 102 36.4718
102 249 36.4718
250 224 72.0505
224 250 72.0505
251 199 33.7956
199 251 33.7956
252 88 60.9002
88 252 60.9002
253 88 99.9735
88 253 99.9735
254 41 66.6127
41 254 66.6127
255 32 17.691
32 255 17.691
256 8 45.8675
8 256 45.8675
257 107 49.9553
107 257 49.9553
258 203 99.2934
203 258 99.2934
259 216 79.2309
216 259 79.2309
260 84 56.5073
84 260 56.5073
261 41 15.1798
41 261 15.1798
262 82 80.3051
82 262 80.3051
263 259 57.9392
259 263 57.9392
264 24 44.8094
24 264 44.8094
265 192 61.0184
192 265 61.0184
266 221 33.8768
221 266 33.8768
267 253 94.2331
253 267 94.2331
268 27 86.3754
27 268 86.3754
269 204 24.143
204 269 24.143
270 87 23.1982
87 270 23.1982
271 106 33.5041
106 271 33.5041
272 69 66.9877
69 272 66.9877
273 184 33.8962
184 273 33.8962
274 1 15.7578
1 274 15.7578
275 220 52.3347
220 275 52.3347
276 66 55.5144
66 276 55.5144
277 40 46.5139
40 277 46.5139
278 184 91.0536
184 278 91.0536
279 189 47.7008
189 279 47.7008
280 256 29.4892
256 280 29.4892
281 28 29.7011
28 281 29.7011
282 37 92.7191
37 282 92.7191
283 153 44.754
153 283 44.754
284 204 70.2377
204 284 70.2377
285 12 46.6747
12 285 46.6747
286 111 93.9567
111 286 93.9567
287 193 89.5014
193 287 89.5014
288 182 13.8651
182 288 13.8651
289 220 70.6475
220 289 70.6475
290 187 30.0517
187 290 30.0517
291 242 37.7496
242 291 37.7496
292 31 17.908
31 292 17.908
293 215 13.2749
215 293 13.2749
294 224 76.2069
224 294 76.2069
295 140 96.0274
140 295 96.0274
296 63 93.1441
63 296 93.1441
297 240 88.1199
240 297 88.1199
298 152 68.9104
152 298 68.9104
299 34 45.7107
34 299 45.7107
300 63 30.8843
63 300 30.8843
301 208 22.7149
208 301 22.7149
302 188 15.8018
188 302 15.8018
303 271 84.2258
271 303 84.2258
304 142 97.2245
142 304 97.2245
305 261 69.0262
261 305 69.0262
306 44 90.5917
44 306 90.5917
307 293 13.4116
293 307 13.4116
308 31 17.0947
31 308 17.0947
309 27 93.824
27 309 93.824
310 34 89.0725
34 310 89.0725
311 196 50.8046
196 311 50.8046
312 229 47.3365
229 312 47.3365
313 195 58.6078
195 313 58.6078
314 34 95.2467
34 314 95.2467
315 224 29.1635
224 315 29.1635
316 216 39.7359
216 316 39.7359
317 173 32.5354
173 317 32.5354
318 36 96.022
36 318 96.022
319 14 65.8573
14 319 65.8573
320 28 54.1104
28 320 54.1104
321 195 27.2926
195 321 27.2926
322 198 43.2313
198 322 43.2313
323 117 27.4662
117 323 27.4662
324 58 70.979
58 324 70.979
325 117 53.4904
117 325 53.4904
326 122 90.8251
122 326 90.8251
327 38 20.3208
38 327 20.3208
328 155 96.9288
155 328 96.9288
329 295 90.8567
295 329 90.8567
330 103 34.7228
103 330 34.7228
331 218 86.1625
218 331 86.1625
332 170 56.1588
170 332 56.1588
333 127 86.7836
127 333 86.7836
334 135 19.3989
135 334 19.3989
335 17 79.3536
17 335 79.3536
336 323 17.0927
323 336 17.0927
337 205 65.1685
205 337 65.1685
338 56 88.753
56 338 88.753
339 48 36.5512
48 339 36.5512
340 326 59.7778
326 340 59.7778
341 97 56.6696
97 341 56.6696
342 257 40.8844
257 342 40.8844
343 173 82.7808
173 343 82.7808
344 232 66.3208
232 344 66.3208
345 94 90.166
94 345 90.166
346 259 74.4201
259 346 74.4201
347 237 66.6318
237 347 66.6318
348 260 81.1405
260 348 81.1405
349 223 34.1843
223 349 34.1843
350 177 30.0936
177 350 30.0936
351 303 10.6202
303 351 10.6202
352 30 35.1834
30 352 35.1834
353 68 76.8691
68 353 76.8691
354 291 38.0733
291 354 38.0733
355 137 22.8063
137 355 22.8063
356 286 88.4268
286 356 88.4268
357 344 45.1451
344 357 45.1451
358 324 81.1102
324 358 81.1102
359 245 57.5302
245 359 57.5302
360 59 34.6311
59 360 34.6311
361 279 20.4229
279 361 20.4229
362 7 85.4744
7 362 85.4744
363 10 65.2162
10 363 65.2162
364 245 76.8523
245 364 76.8523
365 101 12.4524
101 365 12.4524
366 283 14.4788
283 366 14.4788
367 365 12.5788
365 367 12.5788
368 73 73.069
73 368 73.069
369 88 82.7707
88 369 82.7707
370 353 16.9276
353 370 16.9276
371 207 83.8535
207 371 83.8535
372 211 95.9979
211 372 95.9979
373 293 35.0307
293 373 35.0307
374 6 69.7731
6 374 69.7731
375 239 71.3625
239 375 71.3625
376 205 49.5516
205 376 49.5516
377 118 73.8938
118 377 73.8938
378 145 52.5002
145 378 52.5002
379 208 98.9047
208 379 98.9047
380 228 24.6604
228 380 24.6604
381 246 78.4546
246 381 78.4546
382 122 40.1327
122 382 40.1327
383 239 30.9565
239 383 30.9565
384 273 80.1422
273 384 80.1422
385 139 25.9053
139 385 25.9053
386 321 99.191
321 386 99.191
387 80 32.3382
80 387 32.3382
388 290 28.1348
290 388 28.1348
389 363 50.3932
363 389 50.3932
390 239 88.0552
239 390 88.0552
391 29 92.1709
29 391 92.1709
392 213 41.7881
213 392 41.7881
393 5 42.7137
5 393 42.7137
394 382 33.7566
382 394 33.7566
395 154 78.9084
154 395 78.9084
396 312 14.2058
312 396 14.2058
397 78 73.7767
78 397 73.7767
398 123 73.7758
123 398 73.7758
399 144 63.4782
144 399 63.4782
400 331 75.2982
331 400 75.2982
401 17 36.8394
17 401 36.8394
402 191 14.858
191 402 14.858
403 147 48.9186
147 403 48.9186
404 126 88.47
126 404 88.47
405 41 11.7253
41 405 11.7253
406 196 63.0365
196 406 63.0365
407 193 11.8774
193 407 11.8774
408 197 66.8879
197 408 66.8879
409 254 49.9584
254 409 49.9584
410 129 27.3118
129 410 27.3118
411 349 55.9005
349 411 55.9005
412 123 46.7853
123 412 46.7853
413 108 67.6486
108 413 67.6486
414 70 86.3311
70 414 86.3311
415 142 79.3521
142 415 79.3521
416 181 91.8123
181 416 91.8123
417 368 74.5917
368 417 74.5917
418 34 81.9238
34 418 81.9238
419 401 27.5171
401 419 27.5171
420 381 71.943
381 420 71.943
421 173 57.1763
173 421 57.1763
422 45 18.2426
45 422 18.2426
423 101 37.8967
101 423 37.8967
424 229 70.9273
229 424 70.9273
425 101 38.2733
101 425 38.2733
426 350 10.8402
350 426 10.8402
427 372 11.1033
372 427 11.1033
428 331 63.3591
331 428 63.3591
429 292 14.8581
292 429 14.8581
430 282 76.8052
282 430 76.8052
431 350 74.2445
350 431 74.2445
432 91 58.6021
91 432 58.6021
433 6 57.843
6 433 57.843
434 202 45.7482
202 434 45.7482
435 150 74.617
150 435 74.617
436 314 47.2745
314 436 47.2745
437 38 17.9151
38 437 17.9151
438 28 70.9866
28 438 70.9866
439 317 18.7298
317 439 18.7298
440 213 76.4129
213 440 76.4129
441 70 94.3236
70 441 94.3236
442 318 55.7141
318 442 55.7141
443 422 52.0788
422 443 52.0788
444 253 14.4225
253 444 14.4225
445 253 77.5167
253 445 77.5167
446 238 57.7779
238 446 57.7779
447 232 95.3195
232 447 95.3195
448 112 74.7094
112 448 74.7094
449 399 51.4878
399 449 51.4878
450 417 88.5875
417 450 88.5875
451 304 93.2004
304 451 93.2004
452 180 31.5599
180 452 31.5599
453 198 37.0595
198 453 37.0595
454 56 18.6882
56 454 18.6882
455 97 45.4071
97 455 45.4071
456 368 10.6971
368 456 10.6971
109 297 46.6001
297 109 46.6001
142 95 76.519
95 142 76.519
316 199 61.4988
199 316 61.4988
313 368 82.0429
368 313 82.0429
336 331 84.8847
331 336 84.8847
159 441 45.9302
441 159 45.9302
440 74 53.4444
74 440 53.4444
199 187 41.0617
187 199 41.0617
86 285 62.496
285 86 62.496
37 3 62.8056
3 37 62.8056
347 375 68.2209
375 347 68.2209
317 175 46.1139
175 317 46.1139
193 230 96.2595
230 193 96.2595
18 59 36.6588
59 18 36.6588
285 113 92.961
113 285 92.961
74 401 30.023
401 74 30.023
265 47 33.153
47 265 33.153
456 6 40.6102
6 456 40.6102
429 32 69.0389
32 429 69.0389
289 317 63.2586
317 289 63.2586
404 352 81.6731
352 404 81.6731
73 0 13.2243
0 73 13.2243
322 88 12.4257
88 322 12.4257
79 349 41.836
349 79 41.836
456 44 64.7358
44 456 64.7358
197 350 19.1537
350 197 19.1537
130 365 61.7041
365 130 61.7041
174 75 64.7988
75 174 64.7988
424 366 25.6828
366 424 25.6828
131 273 27.1125
273 131 27.1125
267 226 50.8585
226 267 50.8585
285 143 14.435
143 285 14.435
113 346 54.852
346 113 54.852
276 437 38.4778
437 276 38.4778
206 5 61.3116
5 206 61.3116
90 86 48.5877
86 90 48.5877
256 442 31.5147
442 256 31.5147
141 227 17.0698
227 141 17.0698
143 415 65.8999
415 143 65.8999
83 63 36.1393
63 83 36.1393
364 18 21.6947
18 364 21.6947
167 420 54.5799
420 167 54.5799
95 306 84.4096
306 95 84.4096
288 100 59.5782
100 288 59.5782
359 258 81.2026
258 359 81.2026
78 90 62.9394
90 78 62.9394
86 293 97.0369
293 86 97.0369
75 296 48.7934
296 75 48.7934
1 413 69.6583
413 1 69.6583
45 19 82.1164
19 45 82.1164
195 251 61.2833
251 195 61.2833
295 144 60.9013
144 295 60.9013
146 68 42.1458
68 146 42.1458
89 338 68.8062
338 89 68.8062
331 84 20.5657
84 331 20.5657
134 358 37.9201
358 134 37.9201
430 265 21.5644
265 430 21.5644
33 81 98.3501
81 33 98.3501
125 340 33.6673
340 125 33.6673
210 259 43.2176
259 210 43.2176
250 184 32.6924
184 250 32.6924
128 401 13.8257
401 128 13.8257
192 299 77.8236
299 192 77.8236
225 376 28.9767
376 225 28.9767
42 114 73.7947
114 42 73.7947
407 317 27.8424
317 407 27.8424
122 361 90.5306
361 122 90.5306
183 240 85.1029
240 183 85.1029
414 6 43.1129
6 414 43.1129
194 304 14.9082
304 194 14.9082
294 143 36.6778
143 294 36.6778
129 390 92.0815
390 129 92.0815
388 420 45.7863
420 388 45.7863
163 289 62.3424
289 163 62.3424
182 225 67.2928
225 182 67.2928
196 350 68.0965
350 196 68.0965
140 261 29.4291
261 140 29.4291
178 425 25.4006
425 178 25.4006
145 324 88.3058
324 145 88.3058
14 220 23.1799
220 14 23.1799
8 43 53.1354
43 8 53.1354
217 434 99.826
434 217 99.826
85 161 84.4718
161 85 84.4718
404 75 69.248
75 404 69.248
181 184 28.4159
184 181 28.4159
440 78 98.7599
78 440 98.7599
44 124 38.169
124 44 38.169
332 278 37.0119
278 332 37.0119
67 312 25.4515
312 67 25.4515
348 280 55.3927
280 348 55.3927
229 185 32.5193
185 229 32.5193
435 180 32.1151
180 435 32.1151
84 196 27.0243
196 84 27.0243
150 319 82.3483
319 150 82.3483
264 187 67.5233
187 264 67.5233
30 139 18.6949
139 30 18.6949
62 53 83.0709
53 62 83.0709
224 34 49.5552
34 224 49.5552
174 54 44.102
54 174 44.102
362 291 77.264
291 362 77.264
151 61 94.9432
61 151 94.9432
250 16 41.2822
16 250 41.2822
186 177 37.5076
177 186 37.5076
324 269 34.8149
269 324 34.8149
90 307 98.2555
307 90 98.2555
396 200 62.8168
200 396 62.8168
384 43 76.6949
43 384 76.6949
165 266 14.2644
266 165 14.2644
150 456 95.1344
456 150 95.1344
82 442 42.717
442 82 42.717
284 187 21.4626
187 284 21.4626
107 317 55.0268
317 107 55.0268
287 316 23.0626
316 287 23.0626
380 454 82.4188
454 380 82.4188
69 454 11.0029
454 69 11.0029
199 318 44.9623
318 199 44.9623
109 202 48.7844
202 109 48.7844
417 259 68.8344
259 417 68.8344
296 266 43.1024
266 296 43.1024
453 29 69.0497
29 453 69.0497
214 443 71.5337
443 214 71.5337
363 191 64.0719
191 363 64.0719
149 383 62.0468
383 149 62.0468
139 28 61.7165
28 139 61.7165
219 283 16.9481
283 219 16.9481
281 56 95.553
56 281 95.553
434 44 95.5155
44 434 95.5155
181 381 65.2309
381 181 65.2309
382 57 71.9289
57 382 71.9289
237 447 98.7988
447 237 98.7988
11 262 92.0983
262 11 92.0983
276 94 98.2171
94 276 98.2171
415 53 78.4938
53 415 78.4938
184 391 78.7279
391 184 78.7279
295 20 34.884
20 295 34.884
287 368 63.986
368 287 63.986
164 328 66.3242
328 164 66.3242
126 4 51.0957
4 126 51.0957
143 208 18.6494
208 143 18.6494
262 98 20.4047
98 262 20.4047
41 191 74.8138
191 41 74.8138
92 233 48.0485
233 92 48.0485
62 109 14.0911
109 62 14.0911
425 276 85.9043
276 425 85.9043
208 191 26.1069
191 208 26.1069
32 133 72.9044
133 32 72.9044
48 208 18.1724
208 48 18.1724
30 369 73.1351
369 30 73.1351
106 173 27.5138
173 106 27.5138
94 171 15.68
171 94 15.68
206 355 58.5511
355 206 58.5511
183 10 51.0108
10 183 51.0108
290 271 60.532
271 290 60.532
393 139 35.6307
139 393 35.6307
62 93 65.5877
93 62 65.5877
448 452 37.2295
452 448 37.2295
454 209 15.3808
209 454 15.3808
428 5 70.656
5 428 70.656
92 316 87.681
316 92 87.681
137 22 98.3222
22 137 98.3222
449 313 98.9789
313 449 98.9789
116 374 34.2652
374 116 34.2652
434 430 91.2684
430 434 91.2684
163 23 93.4518
23 163 93.4518
50 384 35.1867
384 50 35.1867
83 451 65.7499
451 83 65.7499
450 198 19.9649
198 450 19.9649
281 405 41.9989
405 281 41.9989
245 205 10.5889
205 245 10.5889
407 431 55.5398
431 407 55.5398
89 280 25.9037
280 89 25.9037
23 317 39.0892
317 23 39.0892
371 136 99.0683
136 371 99.0683
448 49 11.3605
49 448 11.3605
312 441 83.2109
441 312 83.2109
313 175 13.0027
175 313 13.0027
423 347 64.0742
347 423 64.0742
20 309 59.6496
309 20 59.6496
297 241 56.1715
241 297 56.1715
94 138 47.6822
138 94 47.6822
81 79 52.3717
79 81 52.3717
252 287 46.8903
287 252 46.8903
280 26 81.4197
26 280 81.4197
257 240 32.46
240 257 32.46
232 93 74.7758
93 232 74.7758
453 64 69.3494
64 453 69.3494
237 246 90.9358
246 237 90.9358
45 52 62.0158
52 45 62.0158
410 194 22.0916
194 410 22.0916
415 358 23.3691
358 415 23.3691
450 447 65.5305
447 450 65.5305
52 172 87.2305
172 52 87.2305
342 65 95.8855
65 342 95.8855
150 318 71.4867
318 150 71.4867
72 147 92.8479
147 72 92.8479
296 25 62.1738
25 296 62.1738
306 171 77.4471
171 306 77.4471
26 306 99.8759
306 26 99.8759
231 359 63.9395
359 231 63.9395
214 200 88.9429
200 214 88.9429
311 56 64.3219
56 311 64.3219
303 432 46.1575
432 303 46.1575
289 10 53.7936
10 289 53.7936
240 362 34.1274
362 240 34.1274
423 74 84.3841
74 423 84.3841
30 368 30.572
368 30 30.572
162 454 75.1228
454 162 75.1228
323 151 40.0231
151 323 40.0231
10 428 98.1917
428 10 98.1917
434 244 18.3397
244 434 18.3397
170 51 64.294
51 170 64.294
195 81 22.5443
81 195 22.5443
173 456 60.4126
456 173 60.4126
85 23 77.7364
23 85 77.7364
294 295 41.608
295 294 41.608
260 63 51.6187
63 260 51.6187
72 13 32.4883
13 72 32.4883
24 5 37.8414
5 24 37.8414
106 183 53.4851
183 106 53.4851
375 178 71.2671
178 375 71.2671
221 387 70.165
387 221 70.165
226 260 50.9312
260 226 50.9312
44 48 15.1496
48 44 15.1496
421 31 44.8188
31 421 44.8188
76 122 30.8384
122 76 30.8384
32 107 82.7459
107 32 82.7459
358 375 94.3994
375 358 94.3994
421 357 64.0809
357 421 64.0809
445 405 39.5217
405 445 39.5217
356 292 34.2886
292 356 34.2886
250 180 89.4483
180 250 89.4483
175 297 53.8203
297 175 53.8203
159 275 67.0887
275 159 67.0887
276 132 61.6289
132 276 61.6289
173 377 54.4411
377 173 54.4411
23 350 43.7638
350 23 43.7638
268 84 68.3235
84 268 68.3235
238 126 83.6936
126 238 83.6936
119 41 64.3462
41 119 64.3462
90 310 69.4507
310 90 69.4507
58 190 65.039
190 58 65.039
431 262 23.7051
262 431 23.7051
412 86 83.8153
86 412 83.8153
102 89 24.527
89 102 24.527
454 310 41.62
310 454 41.62
338 193 83.866
193 338 83.866
329 134 73.1852
134 329 73.1852
236 152 68.3958
152 236 68.3958
180 294 68.9065
294 180 68.9065
214 71 44.6027
71 214 44.6027
350 242 52.0253
242 350 52.0253
259 183 14.8135
183 259 14.8135
295 243 69.2078
243 295 69.2078
48 448 40.1643
448 48 40.1643
97 110 84.3144
110 97 84.3144
23 11 71.0559
11 23 71.0559
352 235 16.8218
235 352 16.8218
362 178 81.2857
178 362 81.2857
245 215 13.7018
215 245 13.7018
46 398 36.8358
398 46 36.8358
225 9 23.6869
9 225 23.6869
389 359 60.3212
359 389 60.3212
253 450 74.3296
450 253 74.3296
271 152 75.9544
152 271 75.9544
19 414 10.0011
414 19 10.0011
184 378 71.7
378 184 71.7
436 153 41.3194
153 436 41.3194
32 66 78.394
66 32 78.394
106 222 97.6306
222 106 97.6306
333 285 40.7852
285 333 40.7852
316 89 27.1779
89 316 27.1779
411 116 53.9819
116 411 53.9819
359 174 77.7329
174 359 77.7329
430 409 95.6457
409 430 95.6457
67 261 44.7706
261 67 44.7706
28 282 96.3005
282 28 96.3005
240 448 66.4418
448 240 66.4418
33 114 92.6534
114 33 92.6534
422 188 49.9313
188 422 49.9313
223 190 11.9827
190 223 11.9827
61 237 10.6792
237 61 10.6792
99 241 93.8369
241 99 93.8369
430 327 57.6806
327 430 57.6806
445 248 62.6519
248 445 62.6519
189 95 47.1409
95 189 47.1409
362 429 77.7525
429 362 77.7525
427 448 29.2017
448 427 29.2017
232 205 38.7355
205 232 38.7355
322 224 81.3155
224 322 81.3155
368 146 90.3826
146 368 90.3826
124 289 47.1863
289 124 47.1863
356 200 72.2973
200 356 72.2973
81 315 17.557
315 81 17.557
92 437 12.8137
437 92 12.8137
53 400 79.4926
400 53 79.4926
211 23 96.1958
23 211 96.1958
93 243 36.6343
243 93 36.6343
334 294 43.2926
294 334 43.2926
208 47 57.328
47 208 57.328
282 347 55.5991
347 282 55.5991
88 249 83.2118
249 88 83.2118
182 257 81.0871
257 182 81.0871
428 152 92.8196
152 428 92.8196
399 141 15.8583
141 399 15.8583
18 346 33.655
346 18 33.655
66 270 37.5556
270 66 37.5556
320 46 40.1279
46 320 40.1279
233 399 77.888
399 233 77.888
307 401 99.4492
401 307 99.4492
219 235 30.1905
235 219 30.1905
401 293 94.0649
293 401 94.0649
317 437 22.9102
437 317 22.9102
213 41 79.8437
41 213 79.8437
142 329 67.4608
329 142 67.4608
202 215 37.4756
215 202 37.4756
379 175 45.8796
175 379 45.8796
413 82 25.3478
82 413 25.3478
195 188 56.2825
188 195 56.2825
153 4 25.0093
4 153 25.0093
431 321 12.4854
321 431 12.4854
12 299 20.9016
299 12 20.9016
72 248 79.471
248 72 79.471
426 63 86.0595
63 426 86.0595
171 314 77.9881
314 171 77.9881
371 341 40.635
341 371 40.635
45 107 20.6113
107 45 20.6113
342 410 63.578
410 342 63.578
271 189 39.4744
189 271 39.4744
78 202 86.7615
202 78 86.7615
177 159 12.228
159 177 12.228
380 374 37.7791
374 380 37.7791
45 108 26.2094
108 45 26.2094
396 190 98.9824
190 396 98.9824
443 339 19.0979
339 443 19.0979
125 131 28.8355
131 125 28.8355
84 273 28.5753
273 84 28.5753
235 428 24.7039
428 235 24.7039
404 383 95.7736
383 404 95.7736
31 178 70.9571
178 31 70.9571
50 206 60.8836
206 50 60.8836
296 420 93.2946
420 296 93.2946
300 182 82.7358
182 300 82.7358
177 57 10.2605
57 177 10.2605
102 107 48.9872
107 102 48.9872
423 384 18.2672
384 423 18.2672
247 3 41.7977
3 247 41.7977
14 140 61.4145
140 14 61.4145
220 259 48.8184
259 220 48.8184
341 288 64.6262
288 341 64.6262
345 47 30.9029
47 345 30.9029
258 285 46.8438
285 258 46.8438
456 349 76.1748
349 456 76.1748
178 218 48.945
218 178 48.945
100 246 34.7118
246 100 34.7118
42 207 55.7764
207 42 55.7764
173 381 63.7544
381 173 63.7544
216 84 54.4384
84 216 54.4384
115 215 38.9838
215 115 38.9838
228 87 66.5437
87 228 66.5437
58 363 17.464
363 58 17.464
402 370 86.2259
370 402 86.2259
159 222 90.5907
222 159 90.5907
116 338 92.5707
338 116 92.5707
299 353 89.5534
353 299 89.5534
267 249 50.5987
249 267 50.5987
29 90 12.208
90 29 12.208
330 392 32.8406
392 330 32.8406
374 27 22.0339
27 374 22.0339
204 260 36.5467
260 204 36.5467
7 130 39.8784
130 7 39.8784
248 339 15.1256
339 248 15.1256
245 419 49.6759
419 245 49.6759
164 150 44.7881
150 164 44.7881
331 263 67.1507
263 331 67.1507
68 285 73.4095
285 68 73.4095
203 400 42.5269
400 203 42.5269
355 23 81.3051
23 355 81.3051
56 221 61.2641
221 56 61.2641
245 279 29.8605
279 245 29.8605
455 82 55.9451
82 455 55.9451
354 93 36.8441
93 354 36.8441
430 369 31.9854
369 430 31.9854
216 441 87.3544
441 216 87.3544
73 419 97.4239
419 73 97.4239
77 187 40.9928
187 77 40.9928
222 324 42.878
324 222 42.878
365 103 26.3756
103 365 26.3756
204 21 70.4261
21 204 70.4261
183 185 59.234
185 183 59.234
421 96 14.6131
96 421 14.6131
321 199 53.9452
199 321 53.9452
145 411 76.4739
411 145 76.4739
345 180 80.0388
180 345 80.0388
424 33 66.8649
33 424 66.8649
9 134 35.1289
134 9 35.1289
418 395 53.3941
395 418 53.3941
347 121 49.9815
121 347 49.9815
169 88 56.203
88 169 56.203
341 314 32.9726
314 341 32.9726
333 107 16.8005
107 333 16.8005
400 135 12.1148
135 400 12.1148
169 161 55.4882
161 169 55.4882
407 358 63.814
358 407 63.814
78 435 35.0516
435 78 35.0516
285 445 36.1934
445 285 36.1934
64 403 48.5016
403 64 48.5016
353 114 69.9643
114 353 69.9643
179 180 84.6742
180 179 84.6742
97 401 98.6806
401 97 98.6806
227 169 53.2014
169 227 53.2014
48 241 89.6827
241 48 89.6827
276 252 44.1161
252 276 44.1161
181 290 74.6584
290 181 74.6584
20 260 91.5076
260 20 91.5076
452 29 26.0783
29 452 26.0783
311 64 73.2011
64 311 73.2011
132 296 16.4972
296 132 16.4972
70 16 70.6233
16 70 70.6233
319 102 31.9441
102 319 31.9441
402 6 70.6985
6 402 70.6985
131 34 27.5428
34 131 27.5428
76 64 83.8209
64 76 83.8209
99 359 25.0912
359 99 25.0912
364 405 88.0624
405 364 88.0624
17 94 56.5126
94 17 56.5126
273 450 10.8754
450 273 10.8754
380 112 69.6146
112 380 69.6146
95 124 38.2838
124 95 38.2838
199 266 87.6195
266 199 87.6195
268 61 82.6844
61 268 82.6844
292 158 77.1151
158 292 77.1151
250 94 71.0497
94 250 71.0497
247 15 23.7421
15 247 23.7421
271 123 39.2067
123 271 39.2067
156 335 41.9459
335 156 41.9459
411 250 43.7091
250 411 43.7091
436 149 43.8035
149 436 43.8035
421 416 71.6558
416 421 71.6558
78 426 57.2814
426 78 57.2814
68 289 42.521
289 68 42.521
147 128 79.7032
128 147 79.7032
94 257 53.793
257 94 53.793
138 99 35.0635
99 138 35.0635
15 268 65.5621
268 15 65.5621
385 108 19.9433
108 385 19.9433
77 279 40.9591
279 77 40.9591
271 399 52.8265
399 271 52.8265
96 416 12.2437
416 96 12.2437
212 23 19.671
23 212 19.671
142 238 69.5352
238 142 69.5352
186 7 12.9164
7 186 12.9164
167 91 12.0855
91 167 12.0855
373 192 34.58
192 373 34.58
382 77 57.1702
77 382 57.1702
20 235 92.7837
235 20 92.7837
351 219 87.7691
219 351 87.7691
217 5 47.3
5 217 47.3
359 432 27.5192
432 359 27.5192
419 91 86.5686
91 419 86.5686
245 401 58.456
401 245 58.456
120 61 72.9784
61 120 72.9784
408 117 34.3232
117 408 34.3232
185 19 88.8201
19 185 88.8201
428 95 97.7551
95 428 97.7551
95 83 87.0634
83 95 87.0634
24 402 90.7152
402 24 90.7152
19 409 30.8377
409 19 30.8377
318 83 22.1449
83 318 22.1449
35 236 57.3087
236 35 57.3087
226 376 38.8572
376 226 38.8572
335 403 77.2576
403 335 77.2576
58 252 96.6923
252 58 96.6923
213 389 16.6457
389 213 16.6457
22 456 54.6565
456 22 54.6565
276 254 64.8112
254 276 64.8112
329 287 65.6094
287 329 65.6094
250 236 80.0773
236 250 80.0773
73 355 89.3919
355 73 89.3919
310 290 62.2867
290 310 62.2867
334 18 29.8808
18 334 29.8808
102 169 35.1739
169 102 35.1739
339 310 30.6154
310 339 30.6154
212 209 33.7267
209 212 33.7267
297 355 44.1546
355 297 44.1546
220 178 94.8161
178 220 94.8161
1 249 50.196
249 1 50.196
411 389 56.5803
389 411 56.5803
171 168 22.5611
168 171 22.5611
330 168 37.6061
168 330 37.6061
390 440 98.3588
440 390 98.3588
42 280 15.7016
280 42 15.7016
32 236 92.4466
236 32 92.4466
409 24 81.4458
24 409 81.4458
129 353 36.0479
353 129 36.0479
144 393 85.3086
393 144 85.3086
361 53 59.0745
53 361 59.0745
178 89 44.9615
89 178 44.9615
381 242 46.9782
242 381 46.9782
360 347 86.1045
347 360 86.1045
222 181 57.4202
181 222 57.4202
319 217 28.632
217 319 28.632
292 186 17.4361
186 292 17.4361
278 398 65.1245
398 278 65.1245
139 3 25.4596
3 139 25.4596
68 267 71.0124
267 68 71.0124
353 141 49.6229
141 353 49.6229
301 421 18.2653
421 301 18.2653
380 422 67.9351
422 380 67.9351
24 52 56.1909
52 24 56.1909
213 415 94.7666
415 213 94.7666
11 326 97.7211
326 11 97.7211
264 179 68.2781
179 264 68.2781
294 190 10.1799
190 294 10.1799
103 0 28.8634
0 103 28.8634
301 382 81.8071
382 301 81.8071
382 214 75.6863
214 382 75.6863
306 405 52.8935
405 306 52.8935
231 175 69.7279
175 231 69.7279
137 114 97.9903
114 137 97.9903
180 312 23.9903
312 180 23.9903
144 230 47.6829
230 144 47.6829
278 59 61.8457
59 278 61.8457
292 22 59.8613
22 292 59.8613
227 345 78.8327
345 227 78.8327
31 367 54.8658
367 31 54.8658
444 152 85.4465
152 444 85.4465
243 204 84.5236
204 243 84.5236
305 1 82.8332
1 305 82.8332
146 47 48.4512
47 146 48.4512
339 359 20.6242
359 339 20.6242
411 316 51.2985
316 411 51.2985
401 309 25.2016
309 401 25.2016
337 309 23.1327
309 337 23.1327
109 147 30.5418
147 109 30.5418
293 350 50.6069
350 293 50.6069
39 399 16.5355
399 39 16.5355
171 296 22.126
296 171 22.126
443 456 11.978
456 443 11.978
73 367 80.9226
367 73 80.9226
237 106 53.4434
106 237 53.4434
180 228 68.5883
228 180 68.5883
330 377 27.1481
377 330 27.1481
399 287 61.3115
287 399 61.3115
5 409 41.6721
409 5 41.6721
118 336 61.7032
336 118 61.7032
445 81 45.2866
81 445 45.2866
288 270 58.0665
270 288 58.0665
92 79 20.9436
79 92 20.9436
62 176 44.1266
176 62 44.1266
399 436 74.918
436 399 74.918
394 27 85.4221
27 394 85.4221
1 111 20.1707
111 1 20.1707
24 193 87.3804
193 24 87.3804
418 373 30.8152
373 418 30.8152
407 278 67.6741
278 407 67.6741
227 20 17.6878
20 227 17.6878
290 163 11.5207
163 290 11.5207
203 391 18.6034
391 203 18.6034
422 326 23.5921
326 422 23.5921
81 46 57.6965
46 81 57.6965
160 192 13.6992
192 160 13.6992
183 354 16.5852
354 183 16.5852
289 227 18.1529
227 289 18.1529
148 165 69.0121
165 148 69.0121
281 302 74.3543
302 281 74.3543
94 29 96.7784
29 94 96.7784
297 191 28.3734
191 297 28.3734
242 107 46.3751
107 242 46.3751
206 212 98.8333
212 206 98.8333
34 18 16.0786
18 34 16.0786
392 205 40.5709
205 392 40.5709
103 187 37.0575
187 103 37.0575
435 302 65.624
302 435 65.624
39 285 62.103
285 39 62.103
381 372 97.1596
372 381 97.1596
206 183 63.5597
183 206 63.5597
50 255 73.6665
255 50 73.6665
145 134 88.3165
134 145 88.3165
393 206 25.7776
206 393 25.7776
297 347 67.8064
347 297 67.8064
443 12 78.6441
12 443 78.6441
382 161 92.6689
161 382 92.6689
311 452 98.7579
452 311 98.7579
173 143 23.0175
143 173 23.0175
81 20 67.6977
20 81 67.6977
219 82 39.3691
82 219 39.3691
334 3 94.0038
3 334 94.0038
351 432 23.9504
432 351 23.9504
427 298 47.9347
298 427 47.9347
295 272 56.822
272 295 56.822
358 188 81.1148
188 358 81.1148
335 412 50.6437
412 335 50.6437
451 178 21.0234
178 451 21.0234
263 384 24.0162
384 263 24.0162
432 413 39.2909
413 432 39.2909
43 261 34.4619
261 43 34.4619
447 449 95.9215
449 447 95.9215
287 326 62.3659
326 287 62.3659
12 281 43.5787
281 12 43.5787
29 368 40.7977
368 29 40.7977
44 278 91.62
278 44 91.62
282 6 86.2875
6 282 86.2875
169 75 19.2985
75 169 19.2985
32 140 49.144
140 32 49.144
226 316 11.3297
316 226 11.3297
185 448 22.0415
448 185 22.0415
136 49 63.4102
49 136 63.4102
146 323 77.1632
323 146 77.1632
21 303 21.6751
303 21 21.6751
114 13 25.4506
13 114 25.4506
250 380 23.3093
380 250 23.3093
404 361 61.9684
361 404 61.9684
81 12 49.4977
12 81 49.4977
178 146 56.6062
146 178 56.6062
3 120 67.7495
120 3 67.7495
107 169 12.3873
169 107 12.3873
370 349 61.2498
349 370 61.2498
256 337 21.934
337 256 21.934
60 370 36.2867
370 60 36.2867
146 84 67.4162
84 146 67.4162
288 201 73.6596
201 288 73.6596
300 422 77.1344
422 300 77.1344
5 267 53.2533
267 5 53.2533
119 148 71.6087
148 119 71.6087
136 252 28.6678
252 136 28.6678
376 298 38.296
298 376 38.296
11 100 39.6183
100 11 39.6183
320 223 86.9407
223 320 86.9407
31 222 17.6023
222 31 17.6023
105 411 40.1864
411 105 40.1864
337 38 68.7613
38 337 68.7613
332 164 34.5519
164 332 34.5519
441 179 77.1952
179 441 77.1952
436 201 76.1146
201 436 76.1146
123 233 27.5598
233 123 27.5598
421 125 28.0411
125 421 28.0411
13 284 96.246
284 13 96.246
32 256 62.9496
256 32 62.9496
196 286 25.9539
286 196 25.9539
204 452 10.444
452 204 10.444
165 317 95.7627
317 165 95.7627
41 12 84.3974
12 41 84.3974
259 418 88.1322
418 259 88.1322
187 417 29.553
417 187 29.553
215 308 24.8076
308 215 24.8076
118 395 45.5933
395 118 45.5933
270 74 49.2204
74 270 49.2204
188 371 58.3192
371 188 58.3192
71 194 16.6657
194 71 16.6657
253 41 43.4546
41 253 43.4546
3 167 48.8166
167 3 48.8166
308 383 23.3586
383 308 23.3586
374 412 67.8325
412 374 67.8325
137 435 71.0422
435 137 71.0422
334 56 24.9063
56 334 24.9063
116 182 15.0371
182 116 15.0371
91 80 21.1177
80 91 21.1177
187 268 27.7038
268 187 27.7038
109 377 93.1252
377 109 93.1252
447 235 59.4329
235 447 59.4329
0 446 73.003
446 0 73.003
220 200 40.6877
200 220 40.6877
110 437 25.0944
437 110 25.0944
452 187 65.4724
187 452 65.4724
404 131 47.1634
131 404 47.1634
171 213 80.9872
213 171 80.9872
205 419 33.1017
419 205 33.1017
72 450 97.1612
450 72 97.1612
23 379 96.4847
379 23 96.4847
311 110 39.7848
110 311 39.7848
204 336 48.2265
336 204 48.2265
340 410 73.0274
410 340 73.0274
9 329 38.0914
329 9 38.0914
133 117 72.0225
117 133 72.0225
5 277 29.0407
277 5 29.0407
21 80 49.5376
80 21 49.5376
131 209 22.373
209 131 22.373
230 119 38.3757
119 230 38.3757
23 290 95.4471
290 23 95.4471
58 365 18.4394
365 58 18.4394
240 223 47.2317
223 240 47.2317
32 385 18.2223
385 32 18.2223
204 350 30.7223
350 204 30.7223
86 288 14.8246
288 86 14.8246
65 145 93.1151
145 65 93.1151
323 344 68.395
344 323 68.395
262 412 71.4892
412 262 71.4892
105 251 40.2672
251 105 40.2672
235 302 83.459
302 235 83.459
79 134 75.6879
134 79 75.6879
347 366 82.7691
366 347 82.7691
212 248 39.7145
248 212 39.7145
90 7 92.8522
7 90 92.8522
194 431 76.7975
431 194 76.7975
302 199 71.237
199 302 71.237
47 55 54.5477
55 47 54.5477
148 23 47.6313
23 148 47.6313
3 48 74.5221
48 3 74.5221
21 85 15.2626
85 21 15.2626
272 308 43.9585
308 272 43.9585
123 225 17.8668
225 123 17.8668
132 435 75.523
435 132 75.523
88 377 67.921
377 88 67.921
141 398 10.9735
398 141 10.9735
310 181 24.9288
181 310 24.9288
38 321 12.5349
321 38 12.5349
349 185 80.1097
185 349 80.1097
252 226 67.226
226 252 67.226
303 245 15.7713
245 303 15.7713
130 258 65.4291
258 130 65.4291
238 367 18.6978
367 238 18.6978
67 376 77.2805
376 67 77.2805
268 157 32.5257
157 268 32.5257
417 92 76.2389
92 417 76.2389
416 151 16.2066
151 416 16.2066
226 365 36.5231
365 226 36.5231
401 190 98.9347
190 401 98.9347
344 147 92.512
147 344 92.512
7 217 85.3896
217 7 85.3896
183 350 51.399
350 183 51.399
1 182 57.3722
182 1 57.3722
343 423 25.5545
423 343 25.5545
267 198 34.8553
198 267 34.8553
158 308 96.1811
308 158 96.1811
75 286 23.9119
286 75 23.9119
370 71 97.7937
71 370 97.7937
128 325 59.9538
325 128 59.9538
158 428 78.1691
428 158 78.1691
220 172 49.4386
172 220 49.4386
362 422 51.188
422 362 51.188
136 393 29.2669
393 136 29.2669
266 279 62.9666
279 266 62.9666
228 260 57.7122
260 228 57.7122
431 455 99.6235
455 431 99.6235
326 447 70.2466
447 326 70.2466
142 231 12.3719
231 142 12.3719
109 6 38.5617
6 109 38.5617
332 145 18.9328
145 332 18.9328
224 325 86.6048
325 224 86.6048
349 401 36.5502
401 349 36.5502
344 389 26.2609
389 344 26.2609
181 32 91.0269
32 181 91.0269
195 117 16.5352
117 195 16.5352
362 199 38.7928
199 362 38.7928
51 300 55.162
300 51 55.162
220 394 38.8067
394 220 38.8067
241 244 26.725
244 241 26.725
396 390 28.7578
390 396 28.7578
233 186 63.4097
186 233 63.4097
290 80 92.625
80 290 92.625
448 23 89.0274
23 448 89.0274
287 32 98.1662
32 287 98.1662
148 83 12.3879
83 148 12.3879
244 125 38.19
125 244 38.19
83 401 19.3134
401 83 19.3134
440 312 64.4802
312 440 64.4802
236 310 34.3612
310 236 34.3612
304 169 54.6689
169 304 54.6689
442 151 67.1499
151 442 67.1499
120 283 91.1444
283 120 91.1444
304 137 25.494
137 304 25.494
341 357 80.7782
357 341 80.7782
126 320 23.9644
320 126 23.9644
202 286 73.8971
286 202 73.8971
135 130 24.7296
130 135 24.7296
352 382 14.5106
382 352 14.5106
127 96 20.1945
96 127 20.1945
219 30 44.0136
30 219 44.0136
258 317 90.664
317 258 90.664
427 337 92.7673
337 427 92.7673
125 149 73.9362
149 125 73.9362
133 112 25.5096
112 133 25.5096
57 316 64.1609
316 57 64.1609
431 240 92.88
240 431 92.88
117 215 20.9861
215 117 20.9861
384 382 65.0811
382 384 65.0811
387 275 72.4022
275 387 72.4022
440 451 29.4832
451 440 29.4832
5 392 81.6859
392 5 81.6859
66 364 28.7826
364 66 28.7826
304 114 89.3546
114 304 89.3546
14 304 68.4158
304 14 68.4158
255 5 59.1548
5 255 59.1548
101 65 52.0197
65 101 52.0197
302 350 95.3445
350 302 95.3445
80 245 13.1382
245 80 13.1382
312 330 52.4179
330 312 52.4179
47 336 37.7864
336 47 37.7864
286 343 81.1213
343 286 81.1213
439 186 32.1561
186 439 32.1561
130 11 41.1655
11 130 41.1655
382 318 29.2978
318 382 29.2978
391 411 20.2483
411 391 20.2483
437 25 95.7213
25 437 95.7213
22 12 13.0035
12 22 13.0035
94 337 24.394
337 94 24.394
415 430 81.4346
430 415 81.4346
421 101 59.4063
101 421 59.4063
429 112 44.8254
112 429 44.8254
60 393 35.2451
393 60 35.2451
67 310 23.3514
310 67 23.3514
152 356 97.8022
356 152 97.8022
365 222 78.4921
222 365 78.4921
399 345 35.4238
345 399 35.4238
416 407 37.815
407 416 37.815
407 376 23.5762
376 407 23.5762
298 405 30.7509
405 298 30.7509
119 186 96.5562
186 119 96.5562
202 315 49.9658
315 202 49.9658
154 166 87.836
166 154 87.836
102 268 60.6433
268 102 60.6433
311 33 79.5693
33 311 79.5693
323 190 99.2718
190 323 99.2718
40 50 79.6268
50 40 79.6268
242 48 87.9383
48 242 87.9383
82 398 94.1431
398 82 94.1431
257 320 37.8675
320 257 37.8675
406 186 68.146
186 406 68.146
296 230 47.6226
230 296 47.6226
306 28 48.1658
28 306 48.1658
28 77 77.9443
77 28 77.9443
237 228 10.3437
228 237 10.3437
144 42 70.5857
42 144 70.5857
95 97 27.2861
97 95 27.2861
422 392 15.2608
392 422 15.2608
448 213 45.969
213 448 45.969
113 391 65.1697
391 113 65.1697
227 248 99.001
248 227 99.001
415 149 22.2854
149 415 22.2854
282 252 79.9063
252 282 79.9063
319 365 41.9321
365 319 41.9321
181 318 98.8204
318 181 98.8204
298 224 58.858
224 298 58.858
398 162 97.2615
162 398 97.2615
1 184 18.2755
184 1 18.2755
387 232 72.2676
232 387 72.2676
244 331 56.0231
331 244 56.0231
122 213 66.8147
213 122 66.8147
6 29 20.4874
29 6 20.4874
236 58 94.8318
58 236 94.8318
295 373 74.0706
373 295 74.0706
169 89 83.6444
89 169 83.6444
241 100 88.681
100 241 88.681
408 269 12.7173
269 408 12.7173
371 108 92.8166
108 371 92.8166
448 395 24.95
395 448 24.95
18 264 74.73
264 18 74.73
405 274 58.5143
274 405 58.5143
426 158 67.148
158 426 67.148
77 235 41.1469
235 77 41.1469
137 244 75.7654
244 137 75.7654
274 226 43.3703
226 274 43.3703
414 153 55.0432
153 414 55.0432
64 329 65.0057
329 64 65.0057
122 74 20.342
74 122 20.342
384 3 71.7378
