223 4120 97 56
1 0 83.3346
0 1 83.3346
2 1 41.6721
1 2 41.6721
3 1 78.6349
1 3 78.6349
4 3 82.7497
3 4 82.7497
5 1 60.461
1 5 60.461
6 5 99.3059
5 6 99.3059
7 2 68.7505
2 7 68.7505
8 2 80.6748
2 8 80.6748
9 0 12.7464
0 9 12.7464
10 5 25.4904
5 10 25.4904
11 0 50.2766
0 11 50.2766
12 5 40.5117
5 12 40.5117
13 5 62.5304
5 13 62.5304
14 3 51.7591
3 14 51.7591
15 0 74.875
0 15 74.875
16 14 12.6208
14 16 12.6208
17 12 53.0969
12 17 53.0969
18 0 46.7308
0 18 46.7308
19 18 35.1414
18 19 35.1414
20 17 15.9787
17 20 15.9787
21 0 10.5887
0 21 10.5887
22 9 21.7224
9 22 21.7224
23 5 43.6475
5 23 43.6475
24 5 62.2334
5 24 62.2334
25 2 52.6368
2 25 52.6368
26 23 17.119
23 26 17.119
27 9 76.6284
9 27 76.6284
28 7 51.2682
7 28 51.2682
29 27 18.3335
27 29 18.3335
30 8 44.2229
8 30 44.2229
31 3 22.0878
3 31 22.0878
32 30 72.8967
30 32 72.8967
33 17 95.1866
17 33 95.1866
34 20 70.5627
20 34 70.5627
35 9 20.3839
9 35 20.3839
36 11 84.8438
11 36 84.8438
37 28 12.906
28 37 12.906
38 5 16.9553
5 38 16.9553
39 4 96.6891
4 39 96.6891
40 18 48.03
18 40 48.03
41 7 52.3758
7 41 52.3758
42 39 43.6863
39 42 43.6863
43 39 95.7749
39 43 95.7749
44 5 83.7299
5 44 83.7299
45 38 44.1987
38 45 44.1987
46 44 67.1606
44 46 67.1606
47 13 60.4144
13 47 60.4144
48 21 51.0267
21 48 51.0267
49 43 73.7857
43 49 73.7857
50 2 44.5962
2 50 44.5962
51 19 49.4177
19 51 49.4177
52 50 33.5969
50 52 33.5969
53 32 39.7125
32 53 39.7125
54 16 26.0213
16 54 26.0213
55 44 16.5913
44 55 16.5913
56 38 21.5956
38 56 21.5956
57 42 20.0651
42 57 20.0651
58 20 86.4931
20 58 86.4931
59 39 43.1506
39 59 43.1506
60 57 52.7433
57 60 52.7433
61 10 85.4748
10 61 85.4748
62 58 61.9351
58 62 61.9351
63 14 71.6595
14 63 71.6595
64 46 51.6706
46 64 51.6706
65 8 71.7278
8 65 71.7278
66 54 25.8501
54 66 25.8501
67 43 27.0521
43 67 27.0521
68 13 54.5738
13 68 54.5738
69 41 76.0974
41 69 76.0974
70 3 49.7067
3 70 49.7067
71 25 51.7367
25 71 51.7367
72 42 82.9987
42 72 82.9987
73 6 59.2483
6 73 59.2483
74 54 26.6843
54 74 26.6843
75 64 44.502
64 75 44.502
76 66 13.7142
66 76 13.7142
77 33 36.6187
33 77 36.6187
78 11 75.5104
11 78 75.5104
79 51 30.6446
51 79 30.6446
80 45 88.5992
45 80 88.5992
81 37 22.8447
37 81 22.8447
82 55 54.1691
55 82 54.1691
83 64 33.5016
64 83 33.5016
84 75 92.9985
75 84 92.9985
85 20 55.4219
20 85 55.4219
86 2 28.2786
2 86 28.2786
87 11 29.3774
11 87 29.3774
88 74 23.7976
74 88 23.7976
89 29 97.9809
29 89 97.9809
90 24 30.8508
24 90 30.8508
91 66 40.7002
66 91 40.7002
92 71 25.653
71 92 25.653
93 22 82.9595
22 93 82.9595
94 8 76.8595
8 94 76.8595
95 7 80.5602
7 95 80.5602
96 55 80.8285
55 96 80.8285
97 14 77.1963
14 97 77.1963
98 3 43.2192
3 98 43.2192
99 22 48.5032
22 99 48.5032
100 69 35.7015
69 100 35.7015
101 16 65.7706
16 101 65.7706
102 15 81.2267
15 102 81.2267
103 60 65.6258
60 103 65.6258
104 71 62.3027
71 104 62.3027
105 101 80.1556
101 105 80.1556
106 88 95.9999
88 106 95.9999
107 25 94.0399
25 107 94.0399
108 91 84.1533
91 108 84.1533
109 66 76.7542
66 109 76.7542
110 42 53.2335
42 110 53.2335
111 68 61.71
68 111 61.71
112 37 95.6036
37 112 95.6036
113 45 43.3938
45 113 43.3938
114 102 66.3241
102 114 66.3241
115 72 74.6996
72 115 74.6996
116 25 34.6382
25 116 34.6382
117 112 92.7397
112 117 92.7397
118 82 29.2029
82 118 29.2029
119 16 61.5383
16 119 61.5383
120 103 35.7127
103 120 35.7127
121 47 54.1686
47 121 54.1686
122 79 75.1964
79 122 75.1964
123 103 61.9809
103 123 61.9809
124 43 22.4862
43 124 22.4862
125 103 35.0542
103 125 35.0542
126 20 24.9526
20 126 24.9526
127 108 63.282
108 127 63.282
128 44 72.3893
44 128 72.3893
129 62 51.9788
62 129 51.9788
130 129 71.2037
129 130 71.2037
131 73 76.3146
73 131 76.3146
132 20 19.4032
20 132 19.4032
133 106 31.4802
106 133 31.4802
134 102 41.9429
102 134 41.9429
135 109 34.6794
109 135 34.6794
136 12 37.4545
12 136 37.4545
137 36 95.3059
36 137 95.3059
138 79 58.7312
79 138 58.7312
139 17 90.5408
17 139 90.5408
140 34 50.4492
34 140 50.4492
141 83 90.9264
83 141 90.9264
142 29 45.8236
29 142 45.8236
143 69 93.9344
69 143 93.9344
144 135 31.8402
135 144 31.8402
145 131 13.4156
131 145 13.4156
146 44 68.2338
44 146 68.2338
147 5 45.9887
5 147 45.9887
148 98 44.5772
98 148 44.5772
149 88 39.5824
88 149 39.5824
150 134 33.5628
134 150 33.5628
151 39 97.7248
39 151 97.7248
152 41 93.6845
41 152 93.6845
153 120 33.4649
120 153 33.4649
154 59 54.8107
59 154 54.8107
155 88 94.4308
88 155 94.4308
156 141 37.8865
141 156 37.8865
157 30 96.7761
30 157 96.7761
158 98 23.2261
98 158 23.2261
159 85 68.9138
85 159 68.9138
160 28 36.8401
28 160 36.8401
161 112 75.423
112 161 75.423
162 110 15.1134
110 162 15.1134
163 33 23.521
33 163 23.521
164 46 65.6849
46 164 65.6849
165 121 56.4099
121 165 56.4099
166 85 66.8052
85 166 66.8052
167 68 46.0752
68 167 46.0752
168 79 63.3196
79 168 63.3196
169 3 60.5798
3 169 60.5798
170 74 12.5373
74 170 12.5373
171 130 22.653
130 171 22.653
172 10 59.8601
10 172 59.8601
173 136 92.2278
136 173 92.2278
174 11 83.2753
11 174 83.2753
175 130 73.9886
130 175 73.9886
176 171 48.8874
171 176 48.8874
177 80 69.8437
80 177 69.8437
178 51 17.9098
51 178 17.9098
179 159 44.5733
159 179 44.5733
180 58 71.0639
58 180 71.0639
181 16 46.2865
16 181 46.2865
182 115 73.449
115 182 73.449
183 150 55.6071
150 183 55.6071
184 116 84.2095
116 184 84.2095
185 58 21.3371
58 185 21.3371
186 32 96.9717
32 186 96.9717
187 96 43.8603
96 187 43.8603
188 73 56.8397
73 188 56.8397
189 67 80.5056
67 189 80.5056
190 124 59.109
124 190 59.109
191 165 36.2794
165 191 36.2794
192 49 87.5481
49 192 87.5481
193 171 84.9983
171 193 84.9983
194 191 43.8953
191 194 43.8953
195 24 19.0764
24 195 19.0764
196 119 62.041
119 196 62.041
197 1 87.1284
1 197 87.1284
198 185 87.9581
185 198 87.9581
199 149 11.303
149 199 11.303
200 119 67.9373
119 200 67.9373
201 92 57.2099
92 201 57.2099
202 40 63.4744
40 202 63.4744
203 26 28.0809
26 203 28.0809
204 117 94.4878
117 204 94.4878
205 29 27.1918
29 205 27.1918
206 52 44.1327
52 206 44.1327
207 198 45.5239
198 207 45.5239
208 114 18.957
114 208 18.957
209 157 18.1747
157 209 18.1747
210 47 12.5845
47 210 12.5845
211 144 86.6954
144 211 86.6954
212 116 87.9544
116 212 87.9544
213 101 48.3232
101 213 48.3232
214 35 89.3694
35 214 89.3694
215 206 74.6712
206 215 74.6712
216 24 96.6366
24 216 96.6366
217 204 80.2305
204 217 80.2305
218 106 25.3599
106 218 25.3599
219 118 56.8166
118 219 56.8166
220 185 96.6677
185 220 96.6677
221 101 51.4875
101 221 51.4875
222 64 56.2052
64 222 56.2052
67 72 47.4235
72 67 47.4235
53 217 94.6852
217 53 94.6852
145 33 10.5871
33 145 10.5871
52 166 45.8892
166 52 45.8892
131 21 68.7112
21 131 68.7112
162 189 51.8297
189 162 51.8297
55 190 48.7303
190 55 48.7303
37 150 96.9191
150 37 96.9191
136 1 94.8527
1 136 94.8527
103 42 27.6134
42 103 27.6134
129 76 19.6937
76 129 19.6937
36 187 32.4454
187 36 32.4454
26 31 38.8182
31 26 38.8182
193 32 95.8338
32 193 95.8338
56 19 13.4138
19 56 13.4138
14 185 59.3662
185 14 59.3662
39 199 34.5082
199 39 34.5082
62 67 44.0195
67 62 44.0195
109 89 91.758
89 109 91.758
171 121 60.2265
121 171 60.2265
215 207 90.1206
207 215 90.1206
80 112 44.1126
112 80 44.1126
215 209 63.3355
209 215 63.3355
157 188 55.6833
188 157 55.6833
92 93 11.4235
93 92 11.4235
99 3 95.7571
3 99 95.7571
94 114 39.1407
114 94 39.1407
63 104 49.4855
104 63 49.4855
49 203 62.3736
203 49 62.3736
36 115 17.2515
115 36 17.2515
105 15 91.2887
15 105 91.2887
181 90 56.2749
90 181 56.2749
115 15 69.2834
15 115 69.2834
19 140 76.1477
140 19 76.1477
212 88 72.3071
88 212 72.3071
90 139 85.2099
139 90 85.2099
128 163 42.1507
163 128 42.1507
98 212 68.4527
212 98 68.4527
172 137 30.351
137 172 30.351
67 53 91.7941
53 67 91.7941
30 47 66.2344
47 30 66.2344
39 137 91.88
137 39 91.88
47 193 63.2844
193 47 63.2844
154 182 35.8066
182 154 35.8066
124 1 97.5148
1 124 97.5148
115 42 77.0232
42 115 77.0232
147 41 42.0974
41 147 42.0974
119 108 60.2683
108 119 60.2683
179 15 37.4298
15 179 37.4298
166 193 25.0343
193 166 25.0343
94 140 81.9088
140 94 81.9088
115 199 57.9331
199 115 57.9331
139 142 23.5156
142 139 23.5156
135 101 98.0842
101 135 98.0842
216 126 68.0532
126 216 68.0532
116 48 23.9793
48 116 23.9793
148 171 53.1684
171 148 53.1684
105 60 26.525
60 105 26.525
153 192 86.2753
192 153 86.2753
64 42 28.7523
42 64 28.7523
38 67 77.4187
67 38 77.4187
199 61 66.5152
61 199 66.5152
148 31 12.0437
31 148 12.0437
21 191 10.2413
191 21 10.2413
100 155 62.6471
155 100 62.6471
185 97 64.9252
97 185 64.9252
15 9 56.0802
9 15 56.0802
169 36 56.5237
36 169 56.5237
219 44 86.8152
44 219 86.8152
99 213 12.311
213 99 12.311
159 209 87.1676
209 159 87.1676
150 77 47.4397
77 150 47.4397
189 97 54.8475
97 189 54.8475
33 121 47.3573
121 33 47.3573
203 55 66.573
55 203 66.573
92 14 70.7149
14 92 70.7149
48 208 48.0461
208 48 48.0461
200 18 52.3005
18 200 52.3005
168 1 33.4157
1 168 33.4157
121 66 37.0609
66 121 37.0609
135 35 43.6573
35 135 43.6573
67 186 25.6473
186 67 25.6473
110 184 79.2121
184 110 79.2121
174 108 54.7618
108 174 54.7618
161 116 52.8534
116 161 52.8534
29 135 68.7749
135 29 68.7749
203 62 12.504
62 203 12.504
31 209 53.2377
209 31 53.2377
18 80 17.3791
80 18 17.3791
152 123 74.3257
123 152 74.3257
108 4 16.8225
4 108 16.8225
48 110 33.5358
110 48 33.5358
5 153 47.4127
153 5 47.4127
140 143 69.554
143 140 69.554
25 123 68.2533
123 25 68.2533
148 198 58.0451
198 148 58.0451
88 139 93.7895
139 88 93.7895
99 141 58.3511
141 99 58.3511
162 24 92.3022
24 162 92.3022
40 23 10.5591
23 40 10.5591
123 88 55.6439
88 123 55.6439
205 108 31.2779
108 205 31.2779
129 128 77.7087
128 129 77.7087
132 122 63.1785
122 132 63.1785
143 68 35.2797
68 143 35.2797
139 61 64.4196
61 139 64.4196
8 55 95.631
55 8 95.631
108 50 10.6906
50 108 10.6906
149 209 16.6498
209 149 16.6498
114 119 97.7667
119 114 97.7667
106 114 39.2298
114 106 39.2298
221 31 95.6411
31 221 95.6411
9 115 36.0925
115 9 36.0925
142 207 83.7966
207 142 83.7966
38 31 28.7374
31 38 28.7374
80 203 65.9613
203 80 65.9613
35 25 58.8723
25 35 58.8723
172 26 71.2751
26 172 71.2751
176 146 96.3808
146 176 96.3808
1 188 60.3124
188 1 60.3124
28 210 54.342
210 28 54.342
92 31 47.4039
31 92 47.4039
41 36 73.9467
36 41 73.9467
79 80 35.0515
80 79 35.0515
18 37 21.5857
37 18 21.5857
49 37 44.7088
37 49 44.7088
167 99 92.6108
99 167 92.6108
71 181 87.5504
181 71 87.5504
87 178 85.6151
178 87 85.6151
219 7 98.9086
7 219 98.9086
124 111 64.497
111 124 64.497
217 140 28.2165
140 217 28.2165
184 128 95.6556
128 184 95.6556
121 72 30.2383
72 121 30.2383
113 205 90.6724
205 113 90.6724
169 175 69.3954
175 169 69.3954
9 203 61.2878
203 9 61.2878
221 28 98.2029
28 221 98.2029
74 59 43.7866
59 74 43.7866
11 213 95.7944
213 11 95.7944
123 87 82.9417
87 123 82.9417
2 121 98.0367
121 2 98.0367
173 188 18.4707
188 173 18.4707
173 216 70.3182
216 173 70.3182
147 183 85.0025
183 147 85.0025
174 149 92.557
149 174 92.557
30 31 92.0602
31 30 92.0602
77 110 72.8562
110 77 72.8562
33 105 44.3436
105 33 44.3436
143 20 47.8799
20 143 47.8799
212 105 13.7354
105 212 13.7354
101 15 64.9425
15 101 64.9425
149 216 20.345
216 149 20.345
29 56 36.128
56 29 36.128
191 7 68.3042
7 191 68.3042
107 162 60.6367
162 107 60.6367
187 154 86.2312
154 187 86.2312
65 160 66.5922
160 65 66.5922
35 184 85.3277
184 35 85.3277
20 142 94.1617
142 20 94.1617
0 182 93.6191
182 0 93.6191
63 187 43.8052
187 63 43.8052
101 119 47.7477
119 101 47.7477
54 144 43.3649
144 54 43.3649
15 56 71.4404
56 15 71.4404
62 150 55.8147
150 62 55.8147
29 222 20.159
222 29 20.159
97 109 33.7297
109 97 33.7297
30 93 51.3279
93 30 51.3279
37 95 92.0497
95 37 92.0497
71 159 18.3815
159 71 18.3815
187 172 91.5409
172 187 91.5409
77 8 12.9486
8 77 12.9486
216 193 75.1831
193 216 75.1831
86 111 10.5842
111 86 10.5842
188 107 63.2434
107 188 63.2434
212 68 30.477
68 212 30.477
214 201 99.6484
201 214 99.6484
50 133 74.8652
133 50 74.8652
36 31 15.0981
31 36 15.0981
98 104 24.7839
104 98 24.7839
137 17 53.1026
17 137 53.1026
86 34 77.156
34 86 77.156
19 39 94.108
39 19 94.108
101 46 95.92
46 101 95.92
131 90 71.8987
90 131 71.8987
193 185 99.0159
185 193 99.0159
11 106 50.208
106 11 50.208
202 97 21.1416
97 202 21.1416
96 142 17.1622
142 96 17.1622
86 126 32.353
126 86 32.353
219 157 80.0682
157 219 80.0682
62 175 54.9906
175 62 54.9906
119 2 52.7177
2 119 52.7177
119 162 56.8823
162 119 56.8823
150 124 90.0467
124 150 90.0467
44 182 44.8215
182 44 44.8215
217 190 58.5707
190 217 58.5707
208 119 31.2757
119 208 31.2757
106 56 52.5973
56 106 52.5973
140 222 88.2757
222 140 88.2757
81 176 21.4394
176 81 21.4394
29 157 24.6601
157 29 24.6601
54 63 29.1287
63 54 29.1287
68 64 54.0887
64 68 54.0887
105 203 93.0698
203 105 93.0698
18 137 28.133
137 18 28.133
117 105 72.4251
105 117 72.4251
40 38 14.791
38 40 14.791
78 40 73.73
40 78 73.73
117 208 19.8387
208 117 19.8387
32 63 28.0496
63 32 28.0496
157 136 16.7018
136 157 16.7018
220 153 77.7323
153 220 77.7323
147 114 18.0032
114 147 18.0032
114 219 34.825
219 114 34.825
92 8 82.2723
8 92 82.2723
98 93 20.8043
93 98 20.8043
95 135 43.2006
135 95 43.2006
65 55 81.2974
55 65 81.2974
70 49 96.5491
49 70 96.5491
25 55 91.5719
55 25 91.5719
185 149 57.1661
149 185 57.1661
49 140 49.5883
140 49 49.5883
13 124 47.7153
124 13 47.7153
56 136 69.5104
136 56 69.5104
94 96 98.0711
96 94 98.0711
137 203 11.548
203 137 11.548
168 139 66.374
139 168 66.374
215 91 62.9332
91 215 62.9332
7 182 15.1973
182 7 15.1973
80 151 36.8506
151 80 36.8506
204 216 27.4478
216 204 27.4478
162 156 71.2512
156 162 71.2512
110 157 95.3636
157 110 95.3636
63 44 56.8456
44 63 56.8456
0 110 33.2847
110 0 33.2847
191 70 17.4748
70 191 17.4748
32 115 13.6055
115 32 13.6055
102 119 32.3099
119 102 32.3099
199 64 20.4041
64 199 20.4041
102 104 87.6464
104 102 87.6464
209 123 72.2172
123 209 72.2172
54 205 23.8001
205 54 23.8001
65 126 24.2589
126 65 24.2589
3 205 84.2298
205 3 84.2298
77 31 96.4954
31 77 96.4954
135 66 26.7914
66 135 26.7914
78 188 46.1274
188 78 46.1274
25 212 23.6115
212 25 23.6115
139 84 14.2063
84 139 14.2063
102 5 57.1812
5 102 57.1812
12 170 77.6935
170 12 77.6935
201 94 57.0939
94 201 57.0939
32 121 25.3254
121 32 25.3254
146 59 34.1297
59 146 34.1297
169 143 10.4545
143 169 10.4545
27 151 36.6085
151 27 36.6085
43 26 94.7805
26 43 94.7805
44 9 57.654
9 44 57.654
201 192 53.9367
192 201 53.9367
87 7 36.8251
7 87 36.8251
65 60 70.8624
60 65 70.8624
92 4 29.7433
4 92 29.7433
40 16 28.5392
16 40 28.5392
112 33 53.1229
33 112 53.1229
180 56 14.7786
56 180 14.7786
175 13 28.5456
13 175 28.5456
121 92 53.2507
92 121 53.2507
6 71 33.6487
71 6 33.6487
86 155 31.5641
155 86 31.5641
89 103 46.0476
103 89 46.0476
101 27 38.96
27 101 38.96
35 173 67.0264
173 35 67.0264
189 109 67.9343
109 189 67.9343
143 203 64.8993
203 143 64.8993
54 183 93.087
183 54 93.087
209 90 25.8118
90 209 25.8118
59 183 89.1159
183 59 89.1159
182 222 31.1823
222 182 31.1823
22 133 78.9407
133 22 78.9407
187 98 52.3698
98 187 52.3698
31 145 69.6922
145 31 69.6922
79 87 98.8531
87 79 98.8531
181 47 63.2985
47 181 63.2985
61 183 69.5887
183 61 69.5887
31 75 70.9431
75 31 70.9431
5 211 38.1844
211 5 38.1844
217 187 82.6815
187 217 82.6815
24 82 40.1594
82 24 40.1594
151 29 41.1272
29 151 41.1272
210 150 94.5235
150 210 94.5235
79 173 55.1528
173 79 55.1528
21 130 50.73
130 21 50.73
170 42 65.5635
42 170 65.5635
39 213 51.1752
213 39 51.1752
190 133 56.2306
133 190 56.2306
192 182 96.5991
182 192 96.5991
208 141 81.1392
141 208 81.1392
1 126 44.7681
126 1 44.7681
195 137 10.9201
137 195 10.9201
22 214 98.3925
214 22 98.3925
112 214 11.9819
214 112 11.9819
14 100 22.6379
100 14 22.6379
76 68 78.4694
68 76 78.4694
148 137 15.4658
137 148 15.4658
88 30 70.0827
30 88 70.0827
214 83 54.0565
83 214 54.0565
35 31 66.1842
31 35 66.1842
149 44 61.4271
44 149 61.4271
71 28 29.4451
28 71 29.4451
136 175 97.2401
175 136 97.2401
161 32 84.15
32 161 84.15
42 131 62.9728
131 42 62.9728
207 83 17.9703
83 207 17.9703
64 28 91.892
28 64 91.892
125 183 44.7805
183 125 44.7805
103 176 35.0808
176 103 35.0808
155 53 91.7177
53 155 91.7177
132 39 38.226
39 132 38.226
150 126 68.3502
126 150 68.3502
117 44 16.5132
44 117 16.5132
139 51 66.0616
51 139 66.0616
201 27 24.5721
27 201 24.5721
52 192 23.7174
192 52 23.7174
136 68 76.8726
68 136 76.8726
79 55 80.1899
55 79 80.1899
140 74 62.0464
74 140 62.0464
136 46 47.7654
46 136 47.7654
180 133 95.778
133 180 95.778
186 8 45.7601
8 186 45.7601
192 202 56.5382
202 192 56.5382
61 186 46.9294
186 61 46.9294
200 174 50.796
174 200 50.796
221 99 18.0558
99 221 18.0558
98 90 68.6648
90 98 68.6648
100 193 66.3914
193 100 66.3914
202 22 53.8505
22 202 53.8505
181 177 75.8724
177 181 75.8724
105 13 93.565
13 105 93.565
112 67 24.6623
67 112 24.6623
43 160 68.6516
160 43 68.6516
138 70 38.2608
70 138 38.2608
200 87 31.4286
87 200 31.4286
7 115 85.3937
115 7 85.3937
98 12 20.9623
12 98 20.9623
135 188 79.7159
188 135 79.7159
73 172 51.8133
172 73 51.8133
1 59 71.0669
59 1 71.0669
105 74 94.5906
74 105 94.5906
8 206 62.286
206 8 62.286
89 118 70.2657
118 89 70.2657
122 14 80.4624
14 122 80.4624
94 87 91.1019
87 94 91.1019
2 102 40.8705
102 2 40.8705
143 167 75.6842
167 143 75.6842
118 206 66.1938
206 118 66.1938
128 117 49.2809
117 128 49.2809
208 185 82.5709
185 208 82.5709
122 71 96.1768
71 122 96.1768
84 33 48.0385
33 84 48.0385
131 1 66.7591
1 131 66.7591
112 63 27.1187
63 112 27.1187
157 105 73.2297
105 157 73.2297
95 204 82.119
204 95 82.119
56 177 55.5211
177 56 55.5211
191 48 10.1633
48 191 10.1633
143 89 54.4382
89 143 54.4382
28 97 28.5499
97 28 28.5499
191 111 87.9411
111 191 87.9411
193 95 32.8679
95 193 32.8679
3 52 64.5343
52 3 64.5343
39 207 47.3239
207 39 47.3239
211 93 85.1762
93 211 85.1762
187 4 56.9221
4 187 56.9221
37 152 53.3785
152 37 53.3785
51 27 18.0805
27 51 18.0805
130 102 10.5408
102 130 10.5408
118 93 60.1061
93 118 60.1061
125 105 67.5867
105 125 67.5867
156 174 49.666
174 156 49.666
110 128 11.8581
128 110 11.8581
208 176 59.5032
176 208 59.5032
31 134 47.4671
134 31 47.4671
114 197 72.1567
197 114 72.1567
210 181 13.9817
181 210 13.9817
8 21 39.7488
21 8 39.7488
203 28 40.0639
28 203 40.0639
110 146 43.5414
146 110 43.5414
74 110 54.0935
110 74 54.0935
120 22 84.2558
22 120 84.2558
220 64 18.6503
64 220 18.6503
173 166 16.959
166 173 16.959
58 212 84.8023
212 58 84.8023
213 165 62.1539
165 213 62.1539
38 138 84.638
138 38 84.638
4 61 88.2364
61 4 88.2364
168 93 89.0619
93 168 89.0619
203 113 34.2481
113 203 34.2481
202 147 12.2501
147 202 12.2501
63 94 54.1167
94 63 54.1167
198 219 26.5107
219 198 26.5107
50 102 50.5519
102 50 50.5519
104 155 87.9471
155 104 87.9471
23 123 13.9243
123 23 13.9243
12 135 72.0787
135 12 72.0787
22 221 35.0683
221 22 35.0683
160 149 69.984
149 160 69.984
145 104 73.2947
104 145 73.2947
40 36 88.2238
36 40 88.2238
210 56 52.4585
56 210 52.4585
3 69 88.6328
69 3 88.6328
131 183 15.5911
183 131 15.5911
8 0 69.0965
0 8 69.0965
20 117 88.1784
117 20 88.1784
78 120 90.1088
120 78 90.1088
70 185 97.0888
185 70 97.0888
129 45 90.8121
45 129 90.8121
64 164 84.7066
164 64 84.7066
25 186 39.0209
186 25 39.0209
199 178 45.2695
178 199 45.2695
98 203 78.1909
203 98 78.1909
134 173 34.3136
173 134 34.3136
126 209 91.2309
209 126 91.2309
159 147 22.7374
147 159 22.7374
198 86 84.9021
86 198 84.9021
211 54 89.0053
54 211 89.0053
150 177 28.0176
177 150 28.0176
30 15 53.5132
15 30 53.5132
0 37 93.9284
37 0 93.9284
199 100 65.3867
100 199 65.3867
180 47 42.2372
47 180 42.2372
131 156 89.3675
156 131 89.3675
19 111 11.1575
111 19 11.1575
158 171 19.7417
171 158 19.7417
120 63 40.3562
63 120 40.3562
189 13 38.4389
13 189 38.4389
196 131 71.785
131 196 71.785
201 96 32.6664
96 201 32.6664
151 9 29.6439
9 151 29.6439
15 119 15.5072
119 15 15.5072
72 0 73.3615
0 72 73.3615
63 47 95.0625
47 63 95.0625
147 221 35.7611
221 147 35.7611
50 78 97.3874
78 50 97.3874
43 146 68.7613
146 43 68.7613
170 40 97.9256
40 170 97.9256
161 212 25.5357
212 161 25.5357
60 22 62.0085
22 60 62.0085
100 147 20.6848
147 100 20.6848
23 130 16.5517
130 23 16.5517
28 8 14.9554
8 28 14.9554
128 118 66.364
118 128 66.364
109 178 80.2601
178 109 80.2601
29 103 66.8066
103 29 66.8066
27 215 34.1999
215 27 34.1999
115 116 88.3026
116 115 88.3026
189 31 25.5602
31 189 25.5602
60 59 65.8271
59 60 65.8271
50 137 19.2707
137 50 19.2707
134 130 88.59
130 134 88.59
206 177 33.6503
177 206 33.6503
146 178 99.3997
178 146 99.3997
179 140 36.2594
140 179 36.2594
115 220 29.827
220 115 29.827
118 115 53.7668
115 118 53.7668
8 189 59.5303
189 8 59.5303
212 73 81.5619
73 212 81.5619
95 80 81.5881
80 95 81.5881
178 191 94.2425
191 178 94.2425
149 96 63.892
96 149 63.892
104 10 48.8905
10 104 48.8905
127 181 59.605
181 127 59.605
16 109 91.0004
109 16 91.0004
21 59 12.4723
59 21 12.4723
62 90 12.6804
90 62 12.6804
109 49 33.3617
49 109 33.3617
31 9 28.6797
9 31 28.6797
57 133 97.8839
133 57 97.8839
6 108 45.0645
108 6 45.0645
70 78 87.8859
78 70 87.8859
197 51 42.4491
51 197 42.4491
34 106 55.6553
106 34 55.6553
211 49 21.3386
49 211 21.3386
165 183 55.666
183 165 55.666
153 156 79.6609
156 153 79.6609
94 157 24.7267
157 94 24.7267
215 203 11.2999
203 215 11.2999
55 196 24.3121
196 55 24.3121
220 143 71.6608
143 220 71.6608
130 64 71.6964
64 130 71.6964
62 82 83.2931
82 62 83.2931
31 96 48.6975
96 31 48.6975
162 72 90.1722
72 162 90.1722
102 174 38.8183
174 102 38.8183
50 91 98.1634
91 50 98.1634
10 212 46.8593
212 10 46.8593
221 10 16.4478
10 221 16.4478
198 45 79.0468
45 198 79.0468
169 181 72.7782
181 169 72.7782
170 107 50.1549
107 170 50.1549
175 23 54.8166
23 175 54.8166
6 52 99.0453
52 6 99.0453
60 186 32.099
186 60 32.099
46 25 53.7049
25 46 53.7049
212 63 90.5131
63 212 90.5131
24 124 92.1698
124 24 92.1698
4 142 99.4276
142 4 99.4276
127 214 78.0671
214 127 78.0671
222 112 43.5569
112 222 43.5569
80 118 54.4934
118 80 54.4934
159 118 66.6295
118 159 66.6295
57 172 19.4177
172 57 19.4177
21 161 97.362
161 21 97.362
105 99 15.113
99 105 15.113
25 198 38.4145
198 25 38.4145
58 5 10.7602
5 58 10.7602
53 94 65.0045
94 53 65.0045
193 131 93.4533
131 193 93.4533
113 16 96.7952
16 113 96.7952
55 206 46.6716
206 55 46.6716
192 215 14.6481
215 192 14.6481
26 81 91.8225
81 26 91.8225
15 173 67.4088
173 15 67.4088
92 55 11.1469
55 92 11.1469
174 201 53.5336
201 174 53.5336
163 109 81.4198
109 163 81.4198
115 65 38.6824
65 115 38.6824
214 173 59.4362
173 214 59.4362
144 205 90.4433
205 144 90.4433
44 166 86.374
166 44 86.374
102 62 63.5011
62 102 63.5011
199 68 84.0426
68 199 84.0426
158 29 25.9795
29 158 25.9795
53 18 31.9523
18 53 31.9523
28 39 36.8782
39 28 36.8782
165 26 38.4866
26 165 38.4866
4 116 82.7817
116 4 82.7817
69 39 85.19
39 69 85.19
68 119 53.2928
119 68 53.2928
78 60 58.8686
60 78 58.8686
119 125 65.8126
125 119 65.8126
21 177 96.179
177 21 96.179
149 76 54.7085
76 149 54.7085
196 23 21.6584
23 196 21.6584
79 191 67.9755
191 79 67.9755
200 4 28.0056
4 200 28.0056
119 88 19.4818
88 119 19.4818
187 178 98.6072
178 187 98.6072
102 24 37.5048
24 102 37.5048
148 78 57.2469
78 148 57.2469
105 122 94.7486
122 105 94.7486
167 15 97.4216
15 167 97.4216
180 217 37.2289
217 180 37.2289
215 180 91.7153
180 215 91.7153
133 124 62.0505
124 133 62.0505
185 144 30.1718
144 185 30.1718
23 168 20.0459
168 23 20.0459
126 195 75.3995
195 126 75.3995
5 133 71.9234
133 5 71.9234
65 179 40.1226
179 65 40.1226
7 35 85.4497
35 7 85.4497
17 143 26.713
143 17 26.713
12 195 92.7569
195 12 92.7569
58 120 25.9876
120 58 25.9876
63 160 77.1737
160 63 77.1737
171 170 54.3185
170 171 54.3185
20 192 59.1449
192 20 59.1449
111 159 26.4801
159 111 26.4801
215 70 30.8169
70 215 30.8169
160 95 49.3273
95 160 49.3273
54 118 64.3517
118 54 64.3517
210 161 21.7137
161 210 21.7137
154 160 61.7499
160 154 61.7499
37 148 72.113
148 37 72.113
27 108 83.3431
108 27 83.3431
111 101 90.3931
101 111 90.3931
127 24 91.4409
24 127 91.4409
212 190 92.4558
190 212 92.4558
162 91 99.5438
91 162 99.5438
93 213 80.1049
213 93 80.1049
39 221 54.1313
221 39 54.1313
46 112 54.3445
112 46 54.3445
113 201 28.7697
201 113 28.7697
8 99 42.4205
99 8 42.4205
1 90 87.385
90 1 87.385
71 39 47.5005
39 71 47.5005
107 19 60.0544
19 107 60.0544
95 22 21.3786
22 95 21.3786
158 25 41.8357
25 158 41.8357
100 148 23.2232
148 100 23.2232
29 113 55.9176
113 29 55.9176
131 207 62.2312
207 131 62.2312
221 97 41.4401
97 221 41.4401
150 56 51.2743
56 150 51.2743
74 51 72.0586
51 74 72.0586
116 0 47.6001
0 116 47.6001
64 87 66.102
87 64 66.102
107 152 74.0439
152 107 74.0439
190 91 29.499
91 190 29.499
190 16 78.7825
16 190 78.7825
76 121 24.6521
121 76 24.6521
95 131 19.3203
131 95 19.3203
90 109 30.9136
109 90 30.9136
200 88 74.5941
88 200 74.5941
2 204 51.2665
204 2 51.2665
121 70 10.6439
70 121 10.6439
138 80 72.629
80 138 72.629
167 140 95.9779
140 167 95.9779
107 179 63.9234
179 107 63.9234
201 123 14.6435
123 201 14.6435
183 168 87.5609
168 183 87.5609
72 13 64.9146
13 72 64.9146
37 1 32.5649
1 37 32.5649
30 60 80.934
60 30 80.934
38 128 49.6958
128 38 49.6958
0 81 81.5676
81 0 81.5676
171 44 65.7323
44 171 65.7323
14 155 77.6273
155 14 77.6273
75 191 47.4813
191 75 47.4813
78 150 86.1748
150 78 86.1748
157 201 92.3389
201 157 92.3389
67 106 72.1872
106 67 72.1872
38 7 11.9393
7 38 11.9393
117 5 83.7805
5 117 83.7805
182 39 91.6076
39 182 91.6076
59 118 59.4531
118 59 59.4531
47 97 59.1053
97 47 59.1053
201 137 69.999
137 201 69.999
11 105 16.1579
105 11 16.1579
113 15 59.619
15 113 59.619
14 80 81.3968
80 14 81.3968
159 41 48.5686
41 159 48.5686
129 189 20.2389
189 129 20.2389
87 32 90.2848
32 87 90.2848
188 204 94.022
204 188 94.022
3 6 60.0487
6 3 60.0487
221 193 55.7015
193 221 55.7015
113 190 69.4277
190 113 69.4277
161 186 10.5157
186 161 10.5157
9 100 48.8129
100 9 48.8129
222 49 82.0029
49 222 82.0029
142 193 94.1251
193 142 94.1251
213 160 40.6418
160 213 40.6418
82 20 46.7266
20 82 46.7266
191 55 60.7467
55 191 60.7467
210 104 52.5745
104 210 52.5745
28 149 12.1959
149 28 12.1959
193 191 85.5953
191 193 85.5953
193 2 83.346
2 193 83.346
184 221 36.5209
221 184 36.5209
45 146 98.8741
146 45 98.8741
214 12 59.4742
12 214 59.4742
93 141 53.0537
141 93 53.0537
27 141 38.7164
141 27 38.7164
117 132 99.5919
132 117 99.5919
44 200 58.2575
200 44 58.2575
218 187 45.5629
187 218 45.5629
179 135 88.388
135 179 88.388
217 206 68.5509
206 217 68.5509
88 206 38.3705
206 88 38.3705
167 121 83.055
121 167 83.055
197 179 93.6114
179 197 93.6114
57 74 45.3442
74 57 45.3442
47 174 95.5024
174 47 95.5024
74 157 28.2742
157 74 28.2742
107 23 16.9563
23 107 16.9563
134 100 35.526
100 134 35.526
61 210 35.3436
210 61 35.3436
156 137 92.594
137 156 92.594
41 140 81.9386
140 41 81.9386
27 179 96.7593
179 27 96.7593
56 49 73.7565
49 56 73.7565
62 197 83.2142
197 62 83.2142
165 134 76.3936
134 165 76.3936
153 95 44.4935
95 153 44.4935
182 155 94.7331
155 182 94.7331
105 172 26.1367
172 105 26.1367
167 109 28.3159
109 167 28.3159
170 209 58.056
209 170 58.056
209 59 79.7883
59 209 79.7883
211 196 94.7222
196 211 94.7222
65 92 44.0205
92 65 44.0205
30 162 68.3856
162 30 68.3856
143 42 49.2334
42 143 49.2334
90 144 34.6916
144 90 34.6916
18 43 95.5752
43 18 95.5752
30 126 36.5128
126 30 36.5128
155 78 69.4437
78 155 69.4437
180 128 93.2368
128 180 93.2368
135 52 39.3119
52 135 39.3119
135 211 58.4496
211 135 58.4496
6 80 52.8019
80 6 52.8019
60 90 48.1965
90 60 48.1965
99 135 57.3053
135 99 57.3053
158 20 83.5839
20 158 83.5839
18 122 95.2084
122 18 95.2084
177 35 14.4279
35 177 14.4279
119 135 66.8059
135 119 66.8059
203 5 35.1259
5 203 35.1259
222 85 61.3604
85 222 61.3604
71 30 91.1712
30 71 91.1712
73 171 38.948
171 73 38.948
205 58 83.4292
58 205 83.4292
109 162 65.04
162 109 65.04
62 85 18.0434
85 62 18.0434
137 19 62.792
19 137 62.792
196 172 83.4832
172 196 83.4832
72 112 22.5831
112 72 22.5831
148 39 15.0644
39 148 15.0644
119 61 17.02
61 119 17.02
147 63 32.3181
63 147 32.3181
197 211 52.6353
211 197 52.6353
114 117 54.9213
117 114 54.9213
200 47 54.0928
47 200 54.0928
66 9 83.2411
9 66 83.2411
204 137 52.7837
137 204 52.7837
5 149 89.3578
149 5 89.3578
95 46 74.7835
46 95 74.7835
15 34 61.3621
34 15 61.3621
90 117 32.3578
117 90 32.3578
10 154 10.2663
154 10 10.2663
11 3 17.91
3 11 17.91
50 155 10.44
155 50 10.44
139 16 27.8039
16 139 27.8039
25 142 77.9016
142 25 77.9016
163 34 92.7641
34 163 92.7641
222 195 58.3409
195 222 58.3409
204 66 47.9545
66 204 47.9545
220 158 92.954
158 220 92.954
75 129 43.4301
129 75 43.4301
98 124 44.8702
124 98 44.8702
79 89 40.5802
89 79 40.5802
221 93 12.2064
93 221 12.2064
142 11 45.9863
11 142 45.9863
27 54 10.9111
54 27 10.9111
15 214 68.3212
214 15 68.3212
115 102 28.0672
102 115 28.0672
50 67 61.6264
67 50 61.6264
143 71 74.7077
71 143 74.7077
117 174 57.0594
174 117 57.0594
58 71 56.2406
71 58 56.2406
126 6 48.6911
6 126 48.6911
183 20 12.5413
20 183 12.5413
69 54 36.0305
54 69 36.0305
27 21 48.6953
21 27 48.6953
34 105 44.1137
105 34 44.1137
98 101 11.426
101 98 11.426
26 85 99.3571
85 26 99.3571
203 218 97.6868
218 203 97.6868
92 83 64.5596
83 92 64.5596
95 30 38.7148
30 95 38.7148
35 69 60.0991
69 35 60.0991
141 16 36.6896
16 141 36.6896
107 34 31.8273
34 107 31.8273
51 202 68.2613
202 51 68.2613
93 187 28.9936
187 93 28.9936
196 28 45.4612
28 196 45.4612
147 189 59.0822
189 147 59.0822
57 153 41.2911
153 57 41.2911
185 52 22.4269
52 185 22.4269
164 193 46.884
193 164 46.884
98 179 44.0122
179 98 44.0122
135 77 99.456
77 135 99.456
171 39 99.4726
39 171 99.4726
26 22 97.9028
22 26 97.9028
144 69 62.9616
69 144 62.9616
199 35 98.3311
35 199 98.3311
104 48 93.4021
48 104 93.4021
18 1 63.3044
1 18 63.3044
222 121 12.6463
121 222 12.6463
29 210 58.17
210 29 58.17
136 45 88.7244
45 136 88.7244
49 41 76.2336
41 49 76.2336
51 99 40.4103
99 51 40.4103
72 15 10.2608
15 72 10.2608
138 87 92.7815
87 138 92.7815
157 117 60.6558
117 157 60.6558
27 116 61.6333
116 27 61.6333
119 214 34.5883
214 119 34.5883
215 146 48.4147
146 215 48.4147
121 164 61.6326
164 121 61.6326
172 198 12.5731
198 172 12.5731
135 113 15.5334
113 135 15.5334
27 59 76.2294
59 27 76.2294
204 132 96.9794
132 204 96.9794
22 21 71.606
21 22 71.606
150 18 13.3041
18 150 13.3041
16 71 47.4111
71 16 47.4111
99 1 20.8122
1 99 20.8122
85 211 14.6781
211 85 14.6781
41 43 91.1167
43 41 91.1167
21 15 11.4391
15 21 11.4391
165 176 90.6767
176 165 90.6767
24 109 35.0681
109 24 35.0681
61 74 70.7971
74 61 70.7971
12 146 47.4923
146 12 47.4923
189 17 45.7762
17 189 45.7762
124 29 31.7802
29 124 31.7802
74 60 22.2691
60 74 22.2691
137 46 69.7025
46 137 69.7025
3 114 60.116
114 3 60.116
4 41 78.2465
41 4 78.2465
152 192 44.9621
192 152 44.9621
128 149 44.1888
149 128 44.1888
7 189 26.7711
189 7 26.7711
206 220 52.2809
220 206 52.2809
125 208 55.8758
208 125 55.8758
40 138 98.9795
138 40 98.9795
212 195 67.0913
195 212 67.0913
196 122 69.5227
122 196 69.5227
171 202 11.4953
202 171 11.4953
135 162 12.7891
162 135 12.7891
9 53 86.0536
53 9 86.0536
215 181 38.4701
181 215 38.4701
138 1 22.8021
1 138 22.8021
2 139 18.0929
139 2 18.0929
86 56 36.1103
56 86 36.1103
210 143 24.2778
143 210 24.2778
170 7 12.4688
7 170 12.4688
188 69 15.3763
69 188 15.3763
103 18 42.0483
18 103 42.0483
78 26 56.4405
26 78 56.4405
174 154 39.3774
154 174 39.3774
213 217 15.2486
217 213 15.2486
26 144 81.1927
144 26 81.1927
78 54 57.9765
54 78 57.9765
31 87 95.2367
87 31 95.2367
204 50 94.4365
50 204 94.4365
19 105 44.3843
105 19 44.3843
0 33 58.2283
33 0 58.2283
88 61 73.2282
61 88 73.2282
33 93 88.0606
93 33 88.0606
21 79 59.5822
79 21 59.5822
172 6 99.8875
6 172 99.8875
195 71 29.7631
71 195 29.7631
165 27 28.4823
27 165 28.4823
217 215 75.1064
215 217 75.1064
70 22 53.5372
22 70 53.5372
116 164 61.4711
164 116 61.4711
204 136 62.0949
136 204 62.0949
91 119 92.3659
119 91 92.3659
74 71 48.3627
71 74 48.3627
103 33 13.8357
33 103 13.8357
13 130 80.0095
130 13 80.0095
52 31 38.8554
31 52 38.8554
78 81 92.3734
81 78 92.3734
117 76 84.979
76 117 84.979
183 177 90.9326
177 183 90.9326
74 63 60.2365
63 74 60.2365
60 17 55.1951
17 60 55.1951
120 156 65.9417
156 120 65.9417
185 167 83.3423
167 185 83.3423
157 38 90.8395
38 157 90.8395
56 140 44.2126
140 56 44.2126
84 143 23.1507
143 84 23.1507
56 91 38.1499
91 56 38.1499
194 167 49.0213
167 194 49.0213
3 42 79.4792
42 3 79.4792
29 74 49.0088
74 29 49.0088
19 169 79.4928
169 19 79.4928
8 78 86.0753
78 8 86.0753
37 42 77.5811
42 37 77.5811
81 181 30.0715
181 81 30.0715
25 32 68.4792
32 25 68.4792
192 65 16.1164
65 192 16.1164
76 111 39.19
111 76 39.19
68 86 56.6316
86 68 56.6316
219 111 22.0207
111 219 22.0207
70 159 87.8582
159 70 87.8582
216 220 80.7098
220 216 80.7098
212 50 17.7758
50 212 17.7758
55 177 27.3287
177 55 27.3287
59 193 42.1963
193 59 42.1963
183 34 74.3145
34 183 74.3145
4 78 66.9694
78 4 66.9694
79 31 79.3189
31 79 79.3189
117 33 57.8458
33 117 57.8458
40 51 99.6516
51 40 99.6516
27 143 19.6059
143 27 19.6059
29 50 70.8178
50 29 70.8178
126 165 92.9841
165 126 92.9841
185 50 64.3016
50 185 64.3016
123 221 35.9996
221 123 35.9996
21 141 61.1168
141 21 61.1168
0 60 12.8315
60 0 12.8315
65 12 84.4861
12 65 84.4861
94 104 21.8353
104 94 21.8353
113 156 19.6525
156 113 19.6525
121 220 19.4907
220 121 19.4907
148 130 28.1443
130 148 28.1443
132 217 71.4678
217 132 71.4678
112 180 55.6975
180 112 55.6975
212 66 26.5401
66 212 26.5401
58 192 52.1827
192 58 52.1827
166 187 61.6939
187 166 61.6939
133 166 18.9101
166 133 18.9101
68 109 18.191
109 68 18.191
107 91 36.7181
91 107 36.7181
191 162 34.5725
162 191 34.5725
142 198 98.8222
198 142 98.8222
83 79 76.2889
79 83 76.2889
121 40 56.3679
40 121 56.3679
202 35 15.8008
35 202 15.8008
218 222 28.7768
222 218 28.7768
166 199 79.7514
199 166 79.7514
82 149 12.8716
149 82 12.8716
44 25 29.2169
25 44 29.2169
161 49 22.6727
49 161 22.6727
220 84 70.0905
84 220 70.0905
101 74 82.47
74 101 82.47
137 65 82.9015
65 137 82.9015
123 0 58.9589
0 123 58.9589
57 2 53.3591
2 57 53.3591
154 55 77.1464
55 154 77.1464
119 219 85.3313
219 119 85.3313
134 62 34.4542
62 134 34.4542
132 187 62.5664
187 132 62.5664
221 126 64.1386
126 221 64.1386
11 33 28.8649
33 11 28.8649
64 166 82.1134
166 64 82.1134
92 12 38.1458
12 92 38.1458
50 105 47.6269
105 50 47.6269
108 49 98.9131
49 108 98.9131
134 143 79.4195
143 134 79.4195
80 15 87.2755
15 80 87.2755
154 101 19.8374
101 154 19.8374
80 189 67.5479
189 80 67.5479
164 32 31.5564
32 164 31.5564
48 183 94.0025
183 48 94.0025
40 13 32.6967
13 40 32.6967
56 45 51.866
45 56 51.866
108 212 36.7988
212 108 36.7988
54 68 43.0679
68 54 43.0679
23 140 90.5044
140 23 90.5044
201 40 85.6874
40 201 85.6874
67 82 96.3413
82 67 96.3413
91 202 93.5041
202 91 93.5041
43 87 92.7504
87 43 92.7504
71 86 81.0986
86 71 81.0986
78 28 17.3683
28 78 17.3683
207 102 66.1568
102 207 66.1568
96 214 70.2057
214 96 70.2057
114 202 69.3876
202 114 69.3876
2 214 61.4883
214 2 61.4883
132 209 58.2228
209 132 58.2228
102 126 20.228
126 102 20.228
156 196 96.4801
196 156 96.4801
88 170 45.2366
170 88 45.2366
7 91 86.5177
91 7 86.5177
38 144 99.0745
144 38 99.0745
215 108 21.4581
108 215 21.4581
147 119 60.2368
119 147 60.2368
42 203 54.7315
203 42 54.7315
30 11 17.292
11 30 17.292
110 208 91.4257
208 110 91.4257
194 182 37.2182
182 194 37.2182
171 93 95.6676
93 171 95.6676
189 145 56.7805
145 189 56.7805
209 199 40.3771
199 209 40.3771
28 95 83.8219
95 28 83.8219
107 82 21.6137
82 107 21.6137
169 11 64.8781
11 169 64.8781
177 82 40.0582
82 177 40.0582
167 124 55.6064
124 167 55.6064
90 176 89.4858
176 90 89.4858
214 216 43.5642
216 214 43.5642
203 92 39.5751
92 203 39.5751
4 62 96.8067
62 4 96.8067
177 158 54.9656
158 177 54.9656
98 207 43.8032
207 98 43.8032
196 161 90.2635
161 196 90.2635
37 164 11.5268
164 37 11.5268
175 174 79.758
174 175 79.758
97 186 69.6991
186 97 69.6991
15 187 45.5815
187 15 45.5815
209 100 35.5123
100 209 35.5123
55 125 76.3011
125 55 76.3011
204 189 15.7961
189 204 15.7961
158 82 34.992
82 158 34.992
211 50 81.9304
50 211 81.9304
102 110 48.5704
110 102 48.5704
220 134 62.4797
134 220 62.4797
55 36 94.0007
36 55 94.0007
16 0 35.1878
0 16 35.1878
172 155 83.9594
155 172 83.9594
191 46 22.2366
46 191 22.2366
140 202 96.1761
202 140 96.1761
213 97 42.2137
97 213 42.2137
127 192 23.6509
192 127 23.6509
113 12 95.1134
12 113 95.1134
161 165 77.9715
165 161 77.9715
69 150 43.4945
150 69 43.4945
124 11 32.1299
11 124 32.1299
153 25 11.2643
25 153 11.2643
79 74 89.1871
74 79 89.1871
102 180 86.2114
180 102 86.2114
9 23 66.7872
23 9 66.7872
220 11 54.1207
11 220 54.1207
203 86 66.8496
86 203 66.8496
134 203 93.6298
203 134 93.6298
75 88 16.3305
88 75 16.3305
182 164 42.951
164 182 42.951
116 140 32.2087
140 116 32.2087
139 149 87.6259
149 139 87.6259
196 170 86.3066
170 196 86.3066
77 51 14.8718
51 77 14.8718
151 127 44.1169
127 151 44.1169
27 126 22.5183
126 27 22.5183
40 67 51.5227
67 40 51.5227
220 172 48.706
172 220 48.706
222 33 70.6164
33 222 70.6164
58 146 93.9129
146 58 93.9129
219 209 83.1111
209 219 83.1111
47 71 81.0372
71 47 81.0372
118 16 37.0469
16 118 37.0469
184 220 13.4424
220 184 13.4424
190 106 11.8703
106 190 11.8703
174 49 73.3222
49 174 73.3222
167 63 41.9071
63 167 41.9071
152 77 97.1575
77 152 97.1575
124 186 21.8295
186 124 21.8295
145 193 72.0289
193 145 72.0289
145 126 58.9789
126 145 58.9789
36 19 57.6672
19 36 57.6672
149 66 67.2515
66 149 67.2515
83 117 18.8586
117 83 18.8586
98 202 92.4368
202 98 92.4368
204 19 62.615
19 204 62.615
35 215 14.1826
215 35 14.1826
64 155 59.9964
155 64 59.9964
213 184 64.6568
184 213 64.6568
147 104 38.3138
104 147 38.3138
63 177 77.3471
177 63 77.3471
102 212 73.0487
212 102 73.0487
165 24 82.5806
24 165 82.5806
149 108 39.3522
108 149 39.3522
118 64 84.6143
64 118 84.6143
125 0 29.3687
0 125 29.3687
37 102 96.1126
102 37 96.1126
135 32 89.3881
32 135 89.3881
181 123 42.8037
123 181 42.8037
174 193 46.2195
193 174 46.2195
146 50 89.7518
50 146 89.7518
51 135 62.8491
135 51 62.8491
191 43 76.2486
43 191 76.2486
157 216 32.8894
216 157 32.8894
146 218 15.6874
218 146 15.6874
19 71 29.5002
71 19 29.5002
181 126 74.3906
126 181 74.3906
36 203 95.6362
203 36 95.6362
95 139 51.3618
139 95 51.3618
135 216 63.6477
216 135 63.6477
184 198 84.3754
198 184 84.3754
30 42 14.2308
42 30 14.2308
116 134 89.4502
134 116 89.4502
96 49 76.912
49 96 76.912
160 197 21.1193
197 160 21.1193
167 161 75.188
161 167 75.188
55 162 22.8557
162 55 22.8557
171 11 62.1297
11 171 62.1297
23 114 72.6994
114 23 72.6994
188 125 89.9803
125 188 89.9803
20 220 66.4131
220 20 66.4131
127 204 81.4181
204 127 81.4181
192 187 35.2682
187 192 35.2682
180 111 32.2221
111 180 32.2221
5 184 68.6065
184 5 68.6065
56 18 16.2961
18 56 16.2961
216 4 34.5958
4 216 34.5958
131 198 93.4804
198 131 93.4804
212 220 14.7017
220 212 14.7017
77 222 39.8238
222 77 39.8238
214 36 73.2319
36 214 73.2319
36 73 81.1386
73 36 81.1386
25 40 87.5094
40 25 87.5094
84 154 12.9941
154 84 12.9941
110 163 59.3089
163 110 59.3089
102 41 28.8699
41 102 28.8699
15 109 33.9736
109 15 33.9736
170 200 14.651
200 170 14.651
58 136 94.5429
136 58 94.5429
11 179 75.1085
179 11 75.1085
8 177 41.4751
177 8 41.4751
144 124 11.2027
124 144 11.2027
47 52 16.407
52 47 16.407
164 222 54.6797
222 164 54.6797
216 101 41.8676
101 216 41.8676
120 125 69.3993
125 120 69.3993
160 36 96.3497
36 160 96.3497
32 105 68.6254
105 32 68.6254
150 187 32.0798
187 150 32.0798
17 180 51.7919
180 17 51.7919
29 207 10.8
207 29 10.8
209 97 69.0722
97 209 69.0722
199 74 37.1328
74 199 37.1328
99 67 74.5885
67 99 74.5885
204 183 21.163
183 204 21.163
108 163 30.8068
163 108 30.8068
130 25 37.8474
25 130 37.8474
217 172 98.6495
172 217 98.6495
184 47 97.2712
47 184 97.2712
4 88 48.54
88 4 48.54
179 18 94.6857
18 179 94.6857
31 157 75.4322
157 31 75.4322
51 208 64.0669
208 51 64.0669
36 184 13.881
184 36 13.881
19 85 65.6314
85 19 65.6314
196 94 67.4286
94 196 67.4286
185 109 54.6144
109 185 54.6144
181 78 60.5153
78 181 60.5153
137 10 79.9931
10 137 79.9931
31 33 85.0774
33 31 85.0774
212 45 66.7092
45 212 66.7092
31 93 89.6866
93 31 89.6866
39 107 48.2071
107 39 48.2071
156 23 11.5245
23 156 11.5245
130 10 87.3024
10 130 87.3024
34 184 22.205
184 34 22.205
193 141 76.1626
141 193 76.1626
74 174 27.8835
174 74 27.8835
140 69 68.8858
69 140 68.8858
93 129 66.119
129 93 66.119
208 58 79.9089
58 208 79.9089
30 82 55.4655
82 30 55.4655
66 71 30.0119
