253 5040 155 151
1 0 24.7839
0 1 24.7839
2 1 19.4222
1 2 19.4222
3 1 36.0942
1 3 36.0942
4 2 46.4338
2 4 46.4338
5 0 94.0813
0 5 94.0813
6 1 33.1563
1 6 33.1563
7 0 74.4576
0 7 74.4576
8 5 31.6534
5 8 31.6534
9 7 94.6913
7 9 94.6913
10 1 50.4972
1 10 50.4972
11 9 30.0134
9 11 30.0134
12 10 69.0188
10 12 69.0188
13 10 28.978
10 13 28.978
14 11 74.6237
11 14 74.6237
15 13 23.2101
13 15 23.2101
16 7 23.266
7 16 23.266
17 13 33.1917
13 17 33.1917
18 7 65.5267
7 18 65.5267
19 17 77.8436
17 19 77.8436
20 6 37.1949
6 20 37.1949
21 14 45.7375
14 21 45.7375
22 3 24.2516
3 22 24.2516
23 16 18.4206
16 23 18.4206
24 1 36.0322
1 24 36.0322
25 17 18.7687
17 25 18.7687
26 1 81.7978
1 26 81.7978
27 24 63.4684
24 27 63.4684
28 27 48.0376
27 28 48.0376
29 17 48.3917
17 29 48.3917
30 18 24.2118
18 30 24.2118
31 0 38.7454
0 31 38.7454
32 8 46.0073
8 32 46.0073
33 9 85.5263
9 33 85.5263
34 19 23.1407
19 34 23.1407
35 5 57.863
5 35 57.863
36 33 63.8195
33 36 63.8195
37 11 88.0925
11 37 88.0925
38 33 56.005
33 38 56.005
39 16 12.6123
16 39 12.6123
40 21 28.9292
21 40 28.9292
41 12 27.9307
12 41 27.9307
42 39 88.8546
39 42 88.8546
43 38 79.0316
38 43 79.0316
44 32 74.7728
32 44 74.7728
45 5 33.3594
5 45 33.3594
46 4 93.4008
4 46 93.4008
47 7 61.6138
7 47 61.6138
48 32 45.8561
32 48 45.8561
49 0 70.9674
0 49 70.9674
50 20 22.6898
20 50 22.6898
51 22 78.589
22 51 78.589
52 49 41.0756
49 52 41.0756
53 25 34.0541
25 53 34.0541
54 8 48.0903
8 54 48.0903
55 52 11.3721
52 55 11.3721
56 28 37.2316
28 56 37.2316
57 45 45.0774
45 57 45.0774
58 20 99.9328
20 58 99.9328
59 15 33.5954
15 59 33.5954
60 5 44.0047
5 60 44.0047
61 46 80.9884
46 61 80.9884
62 7 14.676
7 62 14.676
63 2 94.7431
2 63 94.7431
64 10 40.7275
10 64 40.7275
65 27 50.4421
27 65 50.4421
66 24 52.7602
24 66 52.7602
67 43 52.9075
43 67 52.9075
68 32 15.142
32 68 15.142
69 31 47.3628
31 69 47.3628
70 7 50.5443
7 70 50.5443
71 52 81.9579
52 71 81.9579
72 7 84.3913
7 72 84.3913
73 56 29.5303
56 73 29.5303
74 69 46.8493
69 74 46.8493
75 59 63.7975
59 75 63.7975
76 5 44.3299
5 76 44.3299
77 28 92.7878
28 77 92.7878
78 62 38.1698
62 78 38.1698
79 69 23.6432
69 79 23.6432
80 31 86.3142
31 80 86.3142
81 1 17.5133
1 81 17.5133
82 51 92.8263
51 82 92.8263
83 14 30.0308
14 83 30.0308
84 57 88.4296
57 84 88.4296
85 2 10.5344
2 85 10.5344
86 1 77.5681
1 86 77.5681
87 39 19.4042
39 87 19.4042
88 66 16.7722
66 88 16.7722
89 19 97.5717
19 89 97.5717
90 23 35.9916
23 90 35.9916
91 50 78.4022
50 91 78.4022
92 11 65.8294
11 92 65.8294
93 8 59.2049
8 93 59.2049
94 56 59.9287
56 94 59.9287
95 79 81.597
79 95 81.597
96 16 94.4714
16 96 94.4714
97 35 77.129
35 97 77.129
98 63 83.2721
63 98 83.2721
99 64 95.5673
64 99 95.5673
100 61 18.4547
61 100 18.4547
101 98 25.2401
98 101 25.2401
102 41 18.1543
41 102 18.1543
103 36 11.5357
36 103 11.5357
104 38 39.5748
38 104 39.5748
105 7 97.0254
7 105 97.0254
106 89 46.5506
89 106 46.5506
107 34 94.542
34 107 94.542
108 60 86.2894
60 108 86.2894
109 68 32.3796
68 109 32.3796
110 60 80.5374
60 110 80.5374
111 94 97.3618
94 111 97.3618
112 81 60.8806
81 112 60.8806
113 39 11.894
39 113 11.894
114 9 20.2405
9 114 20.2405
115 70 29.8437
70 115 29.8437
116 69 60.4431
69 116 60.4431
117 32 35.4687
32 117 35.4687
118 75 79.4941
75 118 79.4941
119 42 40.1499
42 119 40.1499
120 14 96.3176
14 120 96.3176
121 45 47.3676
45 121 47.3676
122 19 16.7922
19 122 16.7922
123 46 45.3561
46 123 45.3561
124 63 66.5328
63 124 66.5328
125 122 56.0886
122 125 56.0886
126 35 58.7825
35 126 58.7825
127 56 70.9006
56 127 70.9006
128 65 55.7364
65 128 55.7364
129 36 21.4581
36 129 21.4581
130 46 70.5202
46 130 70.5202
131 71 83.3413
71 131 83.3413
132 97 78.9209
97 132 78.9209
133 61 47.1388
61 133 47.1388
134 49 28.2807
49 134 28.2807
135 19 89.8275
19 135 89.8275
136 58 10.5795
58 136 10.5795
137 124 85.676
124 137 85.676
138 29 25.9892
29 138 25.9892
139 65 24.923
65 139 24.923
140 25 86.8447
25 140 86.8447
141 31 80.2818
31 141 80.2818
142 102 92.6169
102 142 92.6169
143 30 19.6605
30 143 19.6605
144 21 12.6163
21 144 12.6163
145 12 30.4514
12 145 30.4514
146 90 37.8489
90 146 37.8489
147 98 11.3661
98 147 11.3661
148 121 48.6049
121 148 48.6049
149 130 49.7311
130 149 49.7311
150 23 71.4239
23 150 71.4239
151 113 93.3055
113 151 93.3055
152 31 15.8857
31 152 15.8857
153 144 77.8883
144 153 77.8883
154 66 54.0482
66 154 54.0482
155 106 83.6323
106 155 83.6323
156 110 82.7203
110 156 82.7203
157 76 50.4767
76 157 50.4767
158 150 10.0304
150 158 10.0304
159 53 14.1432
53 159 14.1432
160 107 37.7837
107 160 37.7837
161 153 34.7552
153 161 34.7552
162 99 41.8698
99 162 41.8698
163 61 99.1629
61 163 99.1629
164 157 51.8826
157 164 51.8826
165 27 84.7634
27 165 84.7634
166 88 91.2028
88 166 91.2028
167 120 10.9169
120 167 10.9169
168 118 79.4783
118 168 79.4783
169 95 91.5399
95 169 91.5399
170 25 32.6025
25 170 32.6025
171 102 52.9013
102 171 52.9013
172 124 17.3657
124 172 17.3657
173 136 10.4606
136 173 10.4606
174 112 64.1359
112 174 64.1359
175 21 34.4221
21 175 34.4221
176 86 62.3535
86 176 62.3535
177 106 33.619
106 177 33.619
178 114 44.321
114 178 44.321
179 61 99.6883
61 179 99.6883
180 154 91.4219
154 180 91.4219
181 179 51.1041
179 181 51.1041
182 129 84.7583
129 182 84.7583
183 129 39.8342
129 183 39.8342
184 134 30.0663
134 184 30.0663
185 106 57.3643
106 185 57.3643
186 49 25.0372
49 186 25.0372
187 9 28.5268
9 187 28.5268
188 115 74.6138
115 188 74.6138
189 30 44.8828
30 189 44.8828
190 25 49.5524
25 190 49.5524
191 89 79.9071
89 191 79.9071
192 3 73.0958
3 192 73.0958
193 10 12.2765
10 193 12.2765
194 151 86.3364
151 194 86.3364
195 38 26.2656
38 195 26.2656
196 79 25.747
79 196 25.747
197 130 18.4043
130 197 18.4043
198 98 25.0388
98 198 25.0388
199 124 63.2947
124 199 63.2947
200 147 68.8365
147 200 68.8365
201 173 65.3408
173 201 65.3408
202 134 39.5261
134 202 39.5261
203 68 26.6098
68 203 26.6098
204 148 79.115
148 204 79.115
205 32 55.3159
32 205 55.3159
206 136 25.1723
136 206 25.1723
207 112 98.0619
112 207 98.0619
208 25 91.7988
25 208 91.7988
209 115 33.7019
115 209 33.7019
210 99 44.7071
99 210 44.7071
211 175 25.6284
175 211 25.6284
212 158 77.3849
158 212 77.3849
213 144 19.6405
144 213 19.6405
214 180 76.6308
180 214 76.6308
215 93 13.9706
93 215 13.9706
216 7 51.3673
7 216 51.3673
217 208 52.3412
208 217 52.3412
218 119 43.7741
119 218 43.7741
219 136 13.9566
136 219 13.9566
220 116 34.8492
116 220 34.8492
221 22 26.6229
22 221 26.6229
222 131 90.9538
131 222 90.9538
223 5 93.6073
5 223 93.6073
224 122 89.3645
122 224 89.3645
225 50 49.6592
50 225 49.6592
226 96 83.1875
96 226 83.1875
227 201 48.7126
201 227 48.7126
228 75 50.5704
75 228 50.5704
229 78 29.8522
78 229 29.8522
230 40 42.3763
40 230 42.3763
231 151 86.1664
151 231 86.1664
232 125 71.669
125 232 71.669
233 128 12.3773
128 233 12.3773
234 70 74.7869
70 234 74.7869
235 46 63.065
46 235 63.065
236 172 25.3466
172 236 25.3466
237 135 56.3489
135 237 56.3489
238 50 28.2922
50 238 28.2922
239 40 74.7256
40 239 74.7256
240 186 54.4105
186 240 54.4105
241 114 51.1018
114 241 51.1018
242 140 99.8361
140 242 99.8361
243 131 35.8707
131 243 35.8707
244 106 48.9386
106 244 48.9386
245 51 55.0148
51 245 55.0148
246 51 95.6716
51 246 95.6716
247 160 88.0406
160 247 88.0406
248 75 41.3275
75 248 41.3275
249 116 80.4921
116 249 80.4921
250 200 19.9759
200 250 19.9759
251 48 94.1938
48 251 94.1938
252 236 93.6343
236 252 93.6343
22 18 78.3878
18 22 78.3878
138 73 29.8606
73 138 29.8606
52 100 19.5842
100 52 19.5842
90 129 16.0654
129 90 16.0654
115 122 29.6901
122 115 29.6901
188 96 63.8603
96 188 63.8603
100 117 42.4059
117 100 42.4059
2 112 75.1594
112 2 75.1594
109 40 15.314
40 109 15.314
193 126 16.8014
126 193 16.8014
247 116 87.0494
116 247 87.0494
95 160 71.4789
160 95 71.4789
76 126 23.133
126 76 23.133
75 34 65.0394
34 75 65.0394
35 121 72.0599
121 35 72.0599
135 123 74.6751
123 135 74.6751
83 199 22.028
199 83 22.028
216 208 89.7621
208 216 89.7621
250 131 97.0772
131 250 97.0772
139 53 97.6707
53 139 97.6707
118 47 65.2884
47 118 65.2884
243 195 18.5868
195 243 18.5868
246 222 54.1855
222 246 54.1855
119 74 33.5702
74 119 33.5702
122 150 30.1164
150 122 30.1164
244 144 38.673
144 244 38.673
71 144 80.5315
144 71 80.5315
10 240 94.3636
240 10 94.3636
158 147 98.2671
147 158 98.2671
225 16 95.0562
16 225 95.0562
77 147 71.8106
147 77 71.8106
58 245 69.291
245 58 69.291
164 211 21.9431
211 164 21.9431
74 248 32.8534
248 74 32.8534
102 252 24.9412
252 102 24.9412
27 116 68.6302
116 27 68.6302
142 119 22.0822
119 142 22.0822
145 248 30.7912
248 145 30.7912
118 54 50.5234
54 118 50.5234
200 40 96.4115
40 200 96.4115
176 147 24.2596
147 176 24.2596
60 205 94.6981
205 60 94.6981
15 18 39.9947
18 15 39.9947
131 181 37.8375
181 131 37.8375
162 13 18.4002
13 162 18.4002
195 101 50.8437
101 195 50.8437
162 244 85.9492
244 162 85.9492
18 167 51.6697
167 18 51.6697
205 222 34.3909
222 205 34.3909
150 98 75.7587
98 150 75.7587
198 36 77.5628
36 198 77.5628
137 163 18.3797
163 137 18.3797
73 36 93.4448
36 73 93.4448
49 22 11.0429
22 49 11.0429
73 5 24.4415
5 73 24.4415
113 157 60.3776
157 113 60.3776
127 95 30.1484
95 127 30.1484
86 29 84.4647
29 86 84.4647
145 243 50.4412
243 145 50.4412
27 158 99.2507
158 27 99.2507
169 91 34.4933
91 169 34.4933
133 90 84.5931
90 133 84.5931
130 201 93.5432
201 130 93.5432
220 204 60.9659
204 220 60.9659
192 104 67.6535
104 192 67.6535
79 213 89.3192
213 79 89.3192
77 238 80.304
238 77 80.304
51 32 71.9035
32 51 71.9035
159 175 15.156
175 159 15.156
94 203 55.3161
203 94 55.3161
63 68 26.8757
68 63 26.8757
12 233 88.8749
233 12 88.8749
207 180 84.815
180 207 84.815
225 161 43.9662
161 225 43.9662
162 109 63.2111
109 162 63.2111
148 143 71.6619
143 148 71.6619
133 92 98.3048
92 133 98.3048
136 103 39.4432
103 136 39.4432
131 209 94.9323
209 131 94.9323
165 186 95.4742
186 165 95.4742
149 109 36.122
109 149 36.122
199 12 98.4905
12 199 98.4905
206 117 13.2014
117 206 13.2014
221 205 87.5398
205 221 87.5398
225 87 42.1267
87 225 42.1267
239 85 97.7266
85 239 97.7266
219 45 59.6223
45 219 59.6223
153 12 65.3075
12 153 65.3075
112 230 53.8357
230 112 53.8357
239 90 66.8874
90 239 66.8874
250 165 31.3261
165 250 31.3261
216 134 87.0076
134 216 87.0076
75 238 73.8717
238 75 73.8717
92 21 42.0274
21 92 42.0274
204 106 25.6492
106 204 25.6492
133 123 38.824
123 133 38.824
21 132 85.1354
132 21 85.1354
204 79 74.5696
79 204 74.5696
176 32 46.3883
32 176 46.3883
172 93 39.81
93 172 39.81
81 230 26.0229
230 81 26.0229
237 183 43.5868
183 237 43.5868
203 36 83.5962
36 203 83.5962
22 109 61.5821
109 22 61.5821
43 84 39.0221
84 43 39.0221
195 249 34.462
249 195 34.462
97 64 92.4545
64 97 92.4545
203 85 38.5292
85 203 38.5292
242 112 79.9662
112 242 79.9662
181 17 23.4146
17 181 23.4146
93 60 14.3734
60 93 14.3734
79 101 45.364
101 79 45.364
106 188 32.9901
188 106 32.9901
125 93 77.7402
93 125 77.7402
60 132 96.7542
132 60 96.7542
152 30 16.6636
30 152 16.6636
219 201 15.2186
201 219 15.2186
141 210 58.266
210 141 58.266
231 7 88.3679
7 231 88.3679
130 164 70.3305
164 130 70.3305
43 184 23.2579
184 43 23.2579
106 83 32.5115
83 106 32.5115
105 246 62.1853
246 105 62.1853
229 191 67.8778
191 229 67.8778
133 80 79.3852
80 133 79.3852
158 53 46.605
53 158 46.605
202 129 75.6022
129 202 75.6022
246 52 68.6321
52 246 68.6321
184 244 93.7611
244 184 93.7611
1 176 91.8177
176 1 91.8177
97 116 80.6589
116 97 80.6589
45 232 27.5848
232 45 27.5848
75 121 34.4286
121 75 34.4286
135 247 87.9303
247 135 87.9303
250 252 81.9062
252 250 81.9062
153 70 49.8564
70 153 49.8564
120 166 97.9141
166 120 97.9141
192 27 93.035
27 192 93.035
93 41 46.7488
41 93 46.7488
145 201 40.1109
201 145 40.1109
246 24 52.2976
24 246 52.2976
97 12 41.4497
12 97 41.4497
67 180 84.3475
180 67 84.3475
104 30 75.0341
30 104 75.0341
174 249 79.332
249 174 79.332
84 114 42.0483
114 84 42.0483
197 15 34.687
15 197 34.687
2 94 22.4407
94 2 22.4407
110 213 73.3485
213 110 73.3485
66 240 20.1429
240 66 20.1429
91 191 46.8075
191 91 46.8075
67 73 89.0245
73 67 89.0245
224 219 76.3587
219 224 76.3587
122 133 98.2704
133 122 98.2704
111 118 10.3669
118 111 10.3669
101 46 30.9408
46 101 30.9408
49 170 46.8106
170 49 46.8106
199 21 35.8671
21 199 35.8671
105 228 55.2476
228 105 55.2476
133 21 73.1048
21 133 73.1048
166 142 19.948
142 166 19.948
35 118 22.8076
118 35 22.8076
248 183 93.0902
183 248 93.0902
54 83 42.7414
83 54 42.7414
200 136 58.4599
136 200 58.4599
150 148 35.4218
148 150 35.4218
112 94 56.0897
94 112 56.0897
0 196 60.9734
196 0 60.9734
31 52 67.6455
52 31 67.6455
189 170 13.8725
170 189 13.8725
198 28 16.6525
28 198 16.6525
74 64 54.0629
64 74 54.0629
42 231 92.5901
231 42 92.5901
36 165 25.9887
165 36 25.9887
232 118 33.5116
118 232 33.5116
44 21 56.1507
21 44 56.1507
87 248 66.2863
248 87 66.2863
29 16 13.7288
16 29 13.7288
218 217 47.7879
217 218 47.7879
190 55 28.5698
55 190 28.5698
242 104 14.4608
104 242 14.4608
201 246 95.0841
246 201 95.0841
135 49 15.7861
49 135 15.7861
106 187 49.3838
187 106 49.3838
23 182 88.3615
182 23 88.3615
66 202 27.449
202 66 27.449
14 29 83.8941
29 14 83.8941
247 118 65.5975
118 247 65.5975
151 58 10.4303
58 151 10.4303
89 202 47.0909
202 89 47.0909
129 152 65.893
152 129 65.893
22 6 53.647
6 22 53.647
12 93 80.0901
93 12 80.0901
151 161 95.3781
161 151 95.3781
150 246 93.5441
246 150 93.5441
26 115 35.0332
115 26 35.0332
171 112 24.9612
112 171 24.9612
67 140 69.8441
140 67 69.8441
16 2 15.4882
2 16 15.4882
95 8 48.479
8 95 48.479
46 160 95.084
160 46 95.084
70 51 37.6379
51 70 37.6379
101 158 55.8667
158 101 55.8667
184 120 10.1938
120 184 10.1938
155 9 73.6314
9 155 73.6314
19 133 76.02
133 19 76.02
62 187 23.2255
187 62 23.2255
157 43 96.145
43 157 96.145
216 220 94.4161
220 216 94.4161
19 10 13.0492
10 19 13.0492
138 247 29.0757
247 138 29.0757
20 173 78.0391
173 20 78.0391
198 230 26.1887
230 198 26.1887
121 170 77.0845
170 121 77.0845
115 239 78.054
239 115 78.054
126 48 17.47
48 126 17.47
0 27 90.0403
27 0 90.0403
0 147 68.7412
147 0 68.7412
226 14 18.9413
14 226 18.9413
121 17 39.9485
17 121 39.9485
196 34 99.6315
34 196 99.6315
235 106 44.5289
106 235 44.5289
81 118 79.7931
118 81 79.7931
36 69 11.1236
69 36 11.1236
211 98 87.2483
98 211 87.2483
105 236 82.7155
236 105 82.7155
35 246 86.7983
246 35 86.7983
198 214 40.8239
214 198 40.8239
23 43 13.8219
43 23 13.8219
177 51 57.1429
51 177 57.1429
233 118 32.1887
118 233 32.1887
252 100 91.8279
100 252 91.8279
35 53 81.7723
53 35 81.7723
173 116 47.0836
116 173 47.0836
32 95 36.9221
95 32 36.9221
244 221 25.7863
221 244 25.7863
143 58 50.8957
58 143 50.8957
47 252 56.1423
252 47 56.1423
18 118 84.4471
118 18 84.4471
108 179 33.1012
179 108 33.1012
175 22 73.5037
22 175 73.5037
16 235 81.9586
235 16 81.9586
157 118 27.3164
118 157 27.3164
44 230 31.4186
230 44 31.4186
245 106 43.3835
106 245 43.3835
208 184 53.3443
184 208 53.3443
96 236 28.6767
236 96 28.6767
161 74 13.1799
74 161 13.1799
1 75 73.0901
75 1 73.0901
226 5 54.4785
5 226 54.4785
95 161 44.0968
161 95 44.0968
196 219 31.7022
219 196 31.7022
25 7 82.665
7 25 82.665
146 32 88.1791
32 146 88.1791
55 70 38.0742
70 55 38.0742
236 220 58.311
220 236 58.311
40 163 44.6474
163 40 44.6474
210 39 70.2995
39 210 70.2995
35 144 96.7724
144 35 96.7724
19 33 78.1568
33 19 78.1568
111 105 34.22
105 111 34.22
50 133 65.3915
133 50 65.3915
170 87 76.5159
87 170 76.5159
60 69 49.0132
69 60 49.0132
129 177 19.9999
177 129 19.9999
243 44 48.7347
44 243 48.7347
120 207 24.9698
207 120 24.9698
68 4 93.9044
4 68 93.9044
42 160 56.9076
160 42 56.9076
138 224 32.875
224 138 32.875
20 37 42.7666
37 20 42.7666
123 175 94.7352
175 123 94.7352
167 212 15.05
212 167 15.05
154 22 90.6412
22 154 90.6412
169 127 57.171
127 169 57.171
127 245 78.9727
245 127 78.9727
8 15 70.2353
15 8 70.2353
222 32 40.0172
32 222 40.0172
137 2 88.9581
2 137 88.9581
190 141 81.2504
141 190 81.2504
243 205 77.2159
205 243 77.2159
79 118 85.6051
118 79 85.6051
195 218 37.804
218 195 37.804
113 152 84.4651
152 113 84.4651
244 220 10.9512
220 244 10.9512
134 27 20.6604
27 134 20.6604
74 222 25.7155
222 74 25.7155
171 245 33.6931
245 171 33.6931
40 120 94.0292
120 40 94.0292
19 180 69.5933
180 19 69.5933
116 110 95.2803
110 116 95.2803
213 143 45.4737
143 213 45.4737
175 25 24.2826
25 175 24.2826
149 61 34.1511
61 149 34.1511
153 120 10.3316
120 153 10.3316
186 198 96.7298
198 186 96.7298
241 176 29.6765
176 241 29.6765
211 11 70.4883
11 211 70.4883
37 8 37.4683
8 37 37.4683
21 244 12.2052
244 21 12.2052
216 155 47.3477
155 216 47.3477
9 153 45.2219
153 9 45.2219
64 188 53.2281
188 64 53.2281
246 153 99.1094
153 246 99.1094
81 57 60.0857
57 81 60.0857
4 22 52.7174
22 4 52.7174
56 38 25.4033
38 56 25.4033
53 48 15.5555
48 53 15.5555
18 24 84.6853
24 18 84.6853
139 164 52.1636
164 139 52.1636
183 121 10.7988
121 183 10.7988
132 68 34.7756
68 132 34.7756
234 23 84.2926
23 234 84.2926
154 51 15.5254
51 154 15.5254
220 118 78.0211
118 220 78.0211
208 151 63.958
151 208 63.958
57 160 51.38
160 57 51.38
27 131 22.9379
131 27 22.9379
192 232 16.6565
232 192 16.6565
189 93 25.5451
93 189 25.5451
21 17 97.4701
17 21 97.4701
176 70 24.6912
70 176 24.6912
208 149 38.2604
149 208 38.2604
211 195 75.1489
195 211 75.1489
233 217 50.8522
217 233 50.8522
26 225 14.2504
225 26 14.2504
84 115 23.3498
115 84 23.3498
126 30 21.9729
30 126 21.9729
74 215 82.5307
215 74 82.5307
190 160 65.8202
160 190 65.8202
59 26 63.089
26 59 63.089
65 81 70.6836
81 65 70.6836
110 101 61.9856
101 110 61.9856
249 68 80.6817
68 249 80.6817
208 170 88.5557
170 208 88.5557
109 123 76.8314
123 109 76.8314
24 148 64.1829
148 24 64.1829
135 6 13.9082
6 135 13.9082
102 109 33.1409
109 102 33.1409
124 212 24.7533
212 124 24.7533
126 106 48.1274
106 126 48.1274
6 34 76.8585
34 6 76.8585
99 124 16.0183
124 99 16.0183
143 245 21.051
245 143 21.051
240 138 17.2418
138 240 17.2418
242 224 41.7165
224 242 41.7165
229 116 64.8633
116 229 64.8633
55 14 73.5616
14 55 73.5616
54 206 78.8134
206 54 78.8134
66 224 31.2874
224 66 31.2874
127 179 27.4633
179 127 27.4633
204 58 72.7174
58 204 72.7174
140 54 35.3491
54 140 35.3491
128 40 67.9452
40 128 67.9452
235 39 38.3292
39 235 38.3292
13 145 96.1118
145 13 96.1118
242 65 84.2664
65 242 84.2664
162 113 86.9227
113 162 86.9227
30 35 60.9058
35 30 60.9058
56 151 87.7978
151 56 87.7978
205 33 81.361
33 205 81.361
245 82 46.158
82 245 46.158
99 3 69.0579
3 99 69.0579
171 88 78.8921
88 171 78.8921
216 53 77.4943
53 216 77.4943
161 159 40.4641
159 161 40.4641
124 132 57.896
132 124 57.896
84 159 65.028
159 84 65.028
22 169 77.9164
169 22 77.9164
168 31 17.4445
31 168 17.4445
104 70 26.0529
70 104 26.0529
78 89 16.1588
89 78 16.1588
42 19 37.3046
19 42 37.3046
78 215 75.0125
215 78 75.0125
251 95 53.8293
95 251 53.8293
158 123 10.3081
123 158 10.3081
33 168 64.0368
168 33 64.0368
54 124 30.7488
124 54 30.7488
174 156 99.3579
156 174 99.3579
94 41 24.4804
41 94 24.4804
44 98 37.3002
98 44 37.3002
218 241 18.88
241 218 18.88
127 188 44.6676
188 127 44.6676
188 60 22.4168
60 188 22.4168
165 163 21.9753
163 165 21.9753
23 244 98.3162
244 23 98.3162
157 83 24.6123
83 157 24.6123
153 0 49.0439
0 153 49.0439
219 104 35.8813
104 219 35.8813
113 18 23.8905
18 113 23.8905
252 221 63.7974
221 252 63.7974
209 8 61.5722
8 209 61.5722
175 209 15.1364
209 175 15.1364
152 239 72.0358
239 152 72.0358
171 151 61.0909
151 171 61.0909
192 18 28.2622
18 192 28.2622
18 224 62.9947
224 18 62.9947
133 60 28.9855
60 133 28.9855
191 200 77.2973
200 191 77.2973
33 44 27.7737
44 33 27.7737
185 133 33.2297
133 185 33.2297
203 149 40.0757
149 203 40.0757
146 6 16.0572
6 146 16.0572
34 21 71.8995
21 34 71.8995
168 182 58.5302
182 168 58.5302
61 77 32.6908
77 61 32.6908
180 181 89.2659
181 180 89.2659
126 60 25.3261
60 126 25.3261
31 8 51.18
8 31 51.18
38 32 28.36
32 38 28.36
5 79 38.6841
79 5 38.6841
248 177 18.3212
177 248 18.3212
59 102 53.0413
102 59 53.0413
159 143 27.4401
143 159 27.4401
173 90 38.0706
90 173 38.0706
95 195 75.7934
195 95 75.7934
180 62 76.0392
62 180 76.0392
101 36 81.6729
36 101 81.6729
28 205 77.4056
205 28 77.4056
10 40 92.5517
40 10 92.5517
45 236 41.8591
236 45 41.8591
18 215 66.5866
215 18 66.5866
124 43 56.0434
43 124 56.0434
228 93 34.5631
93 228 34.5631
71 99 91.8321
99 71 91.8321
194 83 60.6251
83 194 60.6251
172 147 93.3072
147 172 93.3072
12 48 77.9792
48 12 77.9792
216 120 44.492
120 216 44.492
42 156 84.3854
156 42 84.3854
27 163 16.9813
163 27 16.9813
208 164 12.4936
164 208 12.4936
252 78 59.2744
78 252 59.2744
221 133 34.278
133 221 34.278
13 210 19.705
210 13 19.705
82 192 89.8253
192 82 89.8253
185 9 81.6641
9 185 81.6641
136 211 54.5714
211 136 54.5714
193 131 23.1869
131 193 23.1869
76 232 52.5696
232 76 52.5696
85 69 18.7571
69 85 18.7571
22 131 58.1814
131 22 58.1814
76 130 91.0785
130 76 91.0785
149 119 22.2867
119 149 22.2867
250 234 61.9993
234 250 61.9993
112 1 68.9223
1 112 68.9223
162 111 20.9187
111 162 20.9187
82 203 74.579
203 82 74.579
18 122 10.6123
122 18 10.6123
178 92 67.2391
92 178 67.2391
42 84 25.8648
84 42 25.8648
139 59 10.5906
59 139 10.5906
168 109 37.6041
109 168 37.6041
41 155 43.9597
155 41 43.9597
27 129 74.652
129 27 74.652
85 120 98.4161
120 85 98.4161
208 119 58.5813
119 208 58.5813
161 248 73.3401
248 161 73.3401
8 96 83.3314
96 8 83.3314
178 246 99.2755
246 178 99.2755
58 32 38.0804
32 58 38.0804
26 149 74.4744
149 26 74.4744
112 70 88.1945
70 112 88.1945
101 59 67.2124
59 101 67.2124
223 138 70.6077
138 223 70.6077
179 107 85.1939
107 179 85.1939
109 227 86.2426
227 109 86.2426
169 145 98.3044
145 169 98.3044
220 179 12.354
179 220 12.354
66 129 83.909
129 66 83.909
218 108 91.5014
108 218 91.5014
114 59 14.5446
59 114 14.5446
241 124 56.2563
124 241 56.2563
230 76 32.0358
76 230 32.0358
199 190 12.7996
190 199 12.7996
128 216 31.5309
216 128 31.5309
176 229 47.6984
229 176 47.6984
40 168 34.311
168 40 34.311
52 251 67.0961
251 52 67.0961
213 91 52.2911
91 213 52.2911
158 77 46.843
77 158 46.843
7 171 39.4669
171 7 39.4669
71 21 41.0774
21 71 41.0774
152 141 35.2293
141 152 35.2293
234 163 21.0864
163 234 21.0864
188 149 94.3307
149 188 94.3307
164 137 51.704
137 164 51.704
247 173 15.6219
173 247 15.6219
193 138 91.1947
138 193 91.1947
91 175 63.6504
175 91 63.6504
132 41 32.7989
41 132 32.7989
215 98 48.3418
98 215 48.3418
229 36 36.2077
36 229 36.2077
79 104 45.4115
104 79 45.4115
73 178 74.947
178 73 74.947
72 73 74.0468
73 72 74.0468
11 69 47.0474
69 11 47.0474
49 169 99.7461
169 49 99.7461
87 166 36.2672
166 87 36.2672
131 48 35.6258
48 131 35.6258
108 139 51.4198
139 108 51.4198
153 86 51.3551
86 153 51.3551
222 232 47.3535
232 222 47.3535
251 210 86.392
210 251 86.392
173 183 12.3084
183 173 12.3084
68 188 61.2463
188 68 61.2463
127 1 19.1068
1 127 19.1068
186 33 87.9141
33 186 87.9141
211 173 16.4016
173 211 16.4016
130 148 66.3363
148 130 66.3363
78 60 28.6002
60 78 28.6002
202 54 94.3415
54 202 94.3415
96 104 61.2669
104 96 61.2669
1 145 77.5569
145 1 77.5569
152 177 58.4651
177 152 58.4651
55 75 93.3048
75 55 93.3048
126 214 25.6191
214 126 25.6191
101 251 98.074
251 101 98.074
138 172 51.4695
172 138 51.4695
48 91 83.9213
91 48 83.9213
92 211 87.8568
211 92 87.8568
17 107 78.2488
107 17 78.2488
91 109 56.4335
109 91 56.4335
154 105 26.8319
105 154 26.8319
52 201 35.1501
201 52 35.1501
116 150 70.1277
150 116 70.1277
203 13 64.2513
13 203 64.2513
69 218 23.6098
218 69 23.6098
92 132 56.9006
132 92 56.9006
180 20 15.6385
20 180 15.6385
18 102 37.2328
102 18 37.2328
135 112 79.58
112 135 79.58
77 37 32.2955
37 77 32.2955
144 74 48.7687
74 144 48.7687
69 186 32.3508
186 69 32.3508
209 35 35.2532
35 209 35.2532
192 205 53.5201
205 192 53.5201
57 41 59.5535
41 57 59.5535
220 180 92.3183
180 220 92.3183
11 132 88.9028
132 11 88.9028
44 209 94.6015
209 44 94.6015
138 141 95.2575
141 138 95.2575
192 85 73.7782
85 192 73.7782
95 201 97.286
201 95 97.286
30 111 58.3314
111 30 58.3314
73 241 61.9956
241 73 61.9956
96 238 24.3165
238 96 24.3165
103 37 42.053
37 103 42.053
207 101 73.5625
101 207 73.5625
172 128 12.1812
128 172 12.1812
117 134 30.786
134 117 30.786
183 198 55.6716
198 183 55.6716
185 199 36.5809
199 185 36.5809
218 4 18.2084
4 218 18.2084
236 140 68.1204
140 236 68.1204
3 203 32.7859
203 3 32.7859
235 184 83.9654
184 235 83.9654
227 203 95.0752
203 227 95.0752
34 53 85.1378
53 34 85.1378
203 144 93.7462
144 203 93.7462
146 184 50.0879
184 146 50.0879
83 105 16.3489
105 83 16.3489
84 30 12.4891
30 84 12.4891
76 241 22.613
241 76 22.613
82 65 83.0313
65 82 83.0313
43 246 39.2698
246 43 39.2698
171 134 59.4004
134 171 59.4004
34 151 42.4622
151 34 42.4622
91 114 38.7996
114 91 38.7996
216 101 50.6425
101 216 50.6425
35 236 53.9368
236 35 53.9368
207 238 56.3459
238 207 56.3459
169 197 36.3049
197 169 36.3049
122 40 49.0027
40 122 49.0027
144 133 63.7286
133 144 63.7286
36 102 30.9363
102 36 30.9363
251 111 91.3617
111 251 91.3617
121 74 45.6284
74 121 45.6284
62 199 58.7562
199 62 58.7562
182 227 79.7101
227 182 79.7101
13 248 28.4736
248 13 28.4736
132 106 11.458
106 132 11.458
178 209 96.1035
209 178 96.1035
74 52 31.4956
52 74 31.4956
160 229 66.8841
229 160 66.8841
59 241 39.9042
241 59 39.9042
21 61 74.5641
61 21 74.5641
252 202 51.3471
202 252 51.3471
162 148 64.8793
148 162 64.8793
130 2 97.9852
2 130 97.9852
236 104 64.5569
104 236 64.5569
237 120 57.8682
120 237 57.8682
234 18 93.5587
18 234 93.5587
182 146 25.6885
146 182 25.6885
145 151 59.0742
151 145 59.0742
220 32 71.7564
32 220 71.7564
161 75 54.1091
75 161 54.1091
119 13 83.96
13 119 83.96
175 207 65.0704
207 175 65.0704
56 36 63.8684
36 56 63.8684
197 82 62.2758
82 197 62.2758
250 108 68.4003
108 250 68.4003
103 60 96.7275
60 103 96.7275
3 239 16.1965
239 3 16.1965
134 215 91.355
215 134 91.355
77 205 57.1377
205 77 57.1377
133 103 93.4712
103 133 93.4712
252 86 14.8802
86 252 14.8802
145 44 74.8488
44 145 74.8488
75 242 98.9683
242 75 98.9683
166 155 85.9785
155 166 85.9785
197 227 15.6355
227 197 15.6355
23 186 82.9182
186 23 82.9182
87 223 23.5098
223 87 23.5098
174 159 85.9086
159 174 85.9086
1 73 41.893
73 1 41.893
80 91 69.5636
91 80 69.5636
241 35 80.9292
35 241 80.9292
42 122 35.7268
122 42 35.7268
19 227 39.8845
227 19 39.8845
28 170 67.2595
170 28 67.2595
46 39 36.6275
39 46 36.6275
64 11 85.6008
11 64 85.6008
222 7 76.9858
7 222 76.9858
127 223 95.867
223 127 95.867
100 3 28.0595
3 100 28.0595
169 20 32.6814
20 169 32.6814
222 203 80.6622
203 222 80.6622
169 233 34.5285
233 169 34.5285
168 221 11.7464
221 168 11.7464
193 107 10.2685
107 193 10.2685
223 43 75.3044
43 223 75.3044
81 178 58.3361
178 81 58.3361
83 8 52.3395
8 83 52.3395
167 184 63.5364
184 167 63.5364
66 82 85.6654
82 66 85.6654
55 138 11.534
138 55 11.534
41 34 93.5213
34 41 93.5213
67 39 97.1264
39 67 97.1264
42 167 10.7629
167 42 10.7629
199 112 49.6865
112 199 49.6865
10 82 22.2877
82 10 22.2877
176 18 47.2984
18 176 47.2984
245 37 12.7415
37 245 12.7415
78 49 39.5948
49 78 39.5948
46 18 50.196
18 46 50.196
36 0 97.4481
0 36 97.4481
149 1 76.6378
1 149 76.6378
226 13 34.4183
13 226 34.4183
6 225 10.8582
225 6 10.8582
221 241 80.6196
241 221 80.6196
251 152 37.989
152 251 37.989
41 51 78.2438
51 41 78.2438
32 100 20.822
100 32 20.822
91 224 23.7127
224 91 23.7127
181 105 16.0785
105 181 16.0785
81 8 57.4099
8 81 57.4099
179 150 50.7136
150 179 50.7136
35 252 92.4822
252 35 92.4822
86 145 51.0228
145 86 51.0228
243 238 76.2873
238 243 76.2873
234 198 67.9876
198 234 67.9876
80 17 17.0996
17 80 17.0996
236 194 87.129
194 236 87.129
239 62 48.8445
62 239 48.8445
94 178 48.5746
178 94 48.5746
175 132 44.6767
132 175 44.6767
185 184 45.6691
184 185 45.6691
173 130 50.5832
130 173 50.5832
73 171 66.6289
171 73 66.6289
166 195 31.0786
195 166 31.0786
159 64 62.959
64 159 62.959
54 56 43.597
56 54 43.597
27 45 65.4288
45 27 65.4288
157 14 68.7004
14 157 68.7004
55 245 71.4285
245 55 71.4285
8 6 88.8628
6 8 88.8628
24 90 20.7544
90 24 20.7544
230 173 38.7621
173 230 38.7621
153 121 14.8694
121 153 14.8694
229 210 47.7096
210 229 47.7096
117 208 92.1929
208 117 92.1929
121 44 98.5102
44 121 98.5102
248 49 48.1634
49 248 48.1634
63 28 83.1382
28 63 83.1382
157 129 88.7021
129 157 88.7021
8 179 54.2373
179 8 54.2373
37 134 58.2229
134 37 58.2229
175 117 88.6836
117 175 88.6836
191 68 18.7021
68 191 18.7021
32 166 51.3124
166 32 51.3124
16 173 56.9726
173 16 56.9726
115 158 23.7155
158 115 23.7155
29 204 74.6363
204 29 74.6363
69 102 24.5824
102 69 24.5824
100 244 37.6865
244 100 37.6865
136 157 16.2055
157 136 16.2055
115 134 88.817
134 115 88.817
78 236 11.0608
236 78 11.0608
194 62 13.1199
62 194 13.1199
207 52 93.5403
52 207 93.5403
23 229 83.0763
229 23 83.0763
19 201 93.8087
201 19 93.8087
202 12 44.373
12 202 44.373
51 230 21.1289
230 51 21.1289
62 58 61.6411
58 62 61.6411
48 128 26.62
128 48 26.62
180 88 64.8902
88 180 64.8902
52 20 89.9928
20 52 89.9928
47 218 42.3937
218 47 42.3937
67 229 47.8631
229 67 47.8631
164 43 11.6373
43 164 11.6373
65 165 47.9819
165 65 47.9819
64 186 14.5581
186 64 14.5581
12 231 32.8187
231 12 32.8187
192 187 46.1257
187 192 46.1257
148 171 76.3411
171 148 76.3411
148 181 56.9823
181 148 56.9823
67 18 48.4659
18 67 48.4659
85 27 45.4881
27 85 45.4881
157 26 63.001
26 157 63.001
114 179 85.4404
179 114 85.4404
41 164 17.7981
164 41 17.7981
178 168 76.9954
168 178 76.9954
155 138 40.2779
138 155 40.2779
239 249 72.8485
249 239 72.8485
151 146 83.3371
146 151 83.3371
104 8 91.5148
8 104 91.5148
172 20 80.6092
20 172 80.6092
84 175 21.8795
175 84 21.8795
203 154 48.331
154 203 48.331
106 207 61.4431
207 106 61.4431
12 31 92.9847
31 12 92.9847
238 122 57.3256
122 238 57.3256
53 168 30.9666
168 53 30.9666
252 79 79.3239
79 252 79.3239
180 53 53.3519
53 180 53.3519
140 75 11.656
75 140 11.656
87 196 18.4984
196 87 18.4984
223 219 94.449
219 223 94.449
155 234 41.766
234 155 41.766
34 177 47.2021
177 34 47.2021
201 177 90.4576
177 201 90.4576
1 226 74.03
226 1 74.03
30 19 33.9478
19 30 33.9478
131 197 50.2436
197 131 50.2436
232 40 32.385
40 232 32.385
232 234 42.6402
234 232 42.6402
18 106 52.8509
106 18 52.8509
44 107 25.4545
107 44 25.4545
178 66 56.4578
66 178 56.4578
232 8 62.2019
8 232 62.2019
88 41 85.0227
41 88 85.0227
18 53 20.0988
53 18 20.0988
62 122 94.83
122 62 94.83
153 68 91.7757
68 153 91.7757
80 145 63.6094
145 80 63.6094
105 59 20.3505
59 105 20.3505
5 154 98.1322
154 5 98.1322
83 228 91.7379
228 83 91.7379
233 74 94.3224
74 233 94.3224
94 241 45.5947
241 94 45.5947
37 85 64.0565
85 37 64.0565
72 50 67.983
50 72 67.983
103 18 49.5559
18 103 49.5559
83 235 52.1734
235 83 52.1734
152 226 85.7935
226 152 85.7935
110 147 37.5916
147 110 37.5916
26 71 58.099
71 26 58.099
2 20 72.8133
20 2 72.8133
150 95 50.1278
95 150 50.1278
63 97 46.8756
97 63 46.8756
29 202 58.771
202 29 58.771
30 122 59.2706
122 30 59.2706
47 209 43.8976
209 47 43.8976
5 181 65.7672
181 5 65.7672
165 179 72.9428
179 165 72.9428
106 251 36.3547
251 106 36.3547
52 18 71.5008
18 52 71.5008
114 226 24.9632
226 114 24.9632
146 34 40.0449
34 146 40.0449
167 90 29.0096
90 167 29.0096
189 27 33.6508
27 189 33.6508
6 202 10.8926
202 6 10.8926
139 126 90.6404
126 139 90.6404
187 221 47.9658
221 187 47.9658
163 53 63.6545
53 163 63.6545
208 65 47.7315
65 208 47.7315
1 115 45.1578
115 1 45.1578
249 52 34.4582
52 249 34.4582
241 108 80.1911
108 241 80.1911
35 115 35.129
115 35 35.129
11 156 64.6676
156 11 64.6676
98 100 70.8768
100 98 70.8768
165 137 17.1154
137 165 17.1154
171 228 33.6706
228 171 33.6706
242 153 87.642
153 242 87.642
129 252 68.1878
252 129 68.1878
187 196 69.99
196 187 69.99
177 238 85.6568
238 177 85.6568
91 153 14.4356
153 91 14.4356
123 233 87.5287
233 123 87.5287
101 231 96.2395
231 101 96.2395
97 222 76.3513
222 97 76.3513
106 17 32.9872
17 106 32.9872
6 122 47.4861
122 6 47.4861
152 43 32.8902
43 152 32.8902
27 151 31.6552
151 27 31.6552
89 241 54.1335
241 89 54.1335
109 212 32.1802
212 109 32.1802
10 48 62.6845
48 10 62.6845
13 31 98.6644
31 13 98.6644
35 23 19.2789
23 35 19.2789
24 64 53.707
64 24 53.707
142 21 35.9177
21 142 35.9177
60 11 17.7866
11 60 17.7866
159 227 43.5702
227 159 43.5702
97 135 77.8608
135 97 77.8608
171 159 65.565
159 171 65.565
224 183 15.3036
183 224 15.3036
237 88 20.7526
88 237 20.7526
109 63 76.6144
63 109 76.6144
60 49 81.7091
49 60 81.7091
189 123 52.7325
123 189 52.7325
176 95 55.7482
95 176 55.7482
173 155 35.5073
155 173 35.5073
168 246 76.6617
246 168 76.6617
153 185 26.3267
185 153 26.3267
96 58 51.1977
58 96 51.1977
17 132 19.5354
132 17 19.5354
52 138 73.0559
138 52 73.0559
141 78 63.4942
78 141 63.4942
95 168 34.0771
168 95 34.0771
21 64 32.5031
64 21 32.5031
39 194 27.7938
194 39 27.7938
64 56 12.6746
56 64 12.6746
74 113 57.9076
113 74 57.9076
194 190 42.5574
190 194 42.5574
76 15 63.5932
15 76 63.5932
195 104 96.8133
104 195 96.8133
202 158 26.1279
158 202 26.1279
28 55 20.62
55 28 20.62
2 180 79.7585
180 2 79.7585
185 164 39.5851
164 185 39.5851
11 200 77.4088
200 11 77.4088
223 194 92.7183
194 223 92.7183
106 145 27.102
145 106 27.102
184 41 69.6512
41 184 69.6512
224 98 65.8931
98 224 65.8931
132 13 43.1194
13 132 43.1194
63 65 46.6215
65 63 46.6215
2 199 66.275
199 2 66.275
182 241 27.3477
241 182 27.3477
116 141 89.0077
141 116 89.0077
27 224 31.6238
224 27 31.6238
185 136 10.7189
136 185 10.7189
35 62 10.0174
62 35 10.0174
218 221 72.3639
221 218 72.3639
25 22 93.5677
22 25 93.5677
131 58 42.5636
58 131 42.5636
50 94 93.3772
94 50 93.3772
103 21 49.4427
21 103 49.4427
147 19 96.2973
19 147 96.2973
130 28 35.0941
28 130 35.0941
163 190 85.1131
190 163 85.1131
127 16 63.0489
16 127 63.0489
80 215 32.3455
215 80 32.3455
115 180 98.8415
180 115 98.8415
79 246 68.7662
246 79 68.7662
102 156 87.145
156 102 87.145
45 10 97.5308
10 45 97.5308
155 26 41.8298
26 155 41.8298
52 119 88.4753
119 52 88.4753
205 66 94.3055
66 205 94.3055
46 200 10.6637
200 46 10.6637
122 59 10.606
59 122 10.606
204 167 55.1216
167 204 55.1216
21 242 60.0058
242 21 60.0058
12 111 90.5697
111 12 90.5697
139 206 22.4842
206 139 22.4842
81 159 71.5476
159 81 71.5476
119 16 86.6428
16 119 86.6428
127 217 96.6703
217 127 96.6703
53 192 89.5236
192 53 89.5236
57 10 50.7152
10 57 50.7152
235 71 47.5064
71 235 47.5064
8 73 24.9511
73 8 24.9511
166 122 60.7984
122 166 60.7984
223 55 23.54
55 223 23.54
91 16 85.8063
16 91 85.8063
233 88 69.5306
88 233 69.5306
147 229 39.2301
229 147 39.2301
77 199 33.3826
199 77 33.3826
190 170 28.6056
170 190 28.6056
145 204 20.4874
204 145 20.4874
134 111 80.6069
111 134 80.6069
23 53 69.3131
53 23 69.3131
176 51 37.1912
51 176 37.1912
83 167 46.276
167 83 46.276
198 30 38.2487
30 198 38.2487
64 90 28.719
90 64 28.719
51 227 95.2997
227 51 95.2997
56 60 28.638
60 56 28.638
223 144 26.6818
144 223 26.6818
164 226 40.201
226 164 40.201
88 18 59.8197
18 88 59.8197
102 104 73.867
104 102 73.867
160 128 90.0138
128 160 90.0138
121 192 17.856
192 121 17.856
86 10 91.7799
10 86 91.7799
191 219 67.6386
219 191 67.6386
246 129 27.9702
129 246 27.9702
230 3 63.8358
3 230 63.8358
184 176 65.8747
176 184 65.8747
200 163 94.9226
163 200 94.9226
241 219 84.5055
219 241 84.5055
231 139 86.1639
139 231 86.1639
207 218 12.6402
218 207 12.6402
231 38 15.0437
38 231 15.0437
130 181 99.8699
181 130 99.8699
121 102 33.7062
102 121 33.7062
203 181 59.203
181 203 59.203
85 23 66.5105
23 85 66.5105
5 64 89.5708
64 5 89.5708
77 54 86.3243
54 77 86.3243
161 173 50.0191
173 161 50.0191
97 252 30.529
252 97 30.529
86 174 54.2183
174 86 54.2183
108 146 97.4613
146 108 97.4613
86 185 27.0993
185 86 27.0993
78 209 72.2806
209 78 72.2806
250 191 15.0671
191 250 15.0671
176 44 48.9924
44 176 48.9924
125 206 87.6164
206 125 87.6164
217 166 48.4535
166 217 48.4535
26 61 49.0033
61 26 49.0033
68 12 40.277
12 68 40.277
170 45 78.9515
45 170 78.9515
64 84 95.9609
84 64 95.9609
130 241 66.8711
241 130 66.8711
103 1 20.3287
1 103 20.3287
58 166 69.7178
166 58 69.7178
55 246 72.0456
246 55 72.0456
111 49 48.2531
49 111 48.2531
58 203 75.932
203 58 75.932
75 239 33.3294
239 75 33.3294
123 37 65.0458
37 123 65.0458
247 189 38.5935
189 247 38.5935
154 56 97.0401
56 154 97.0401
74 164 61.5328
164 74 61.5328
219 229 91.7061
229 219 91.7061
145 100 58.7093
100 145 58.7093
177 28 75.5569
28 177 75.5569
179 163 99.2284
163 179 99.2284
53 101 31.8326
101 53 31.8326
97 53 14.5553
53 97 14.5553
183 169 42.5985
169 183 42.5985
221 41 76.3666
41 221 76.3666
91 118 72.944
118 91 72.944
76 33 50.8169
33 76 50.8169
182 4 48.1156
4 182 48.1156
204 20 72.9592
20 204 72.9592
194 8 36.2726
8 194 36.2726
91 199 20.5348
199 91 20.5348
248 200 66.7805
200 248 66.7805
56 87 50.4634
87 56 50.4634
223 23 55.6525
23 223 55.6525
210 179 95.2669
179 210 95.2669
124 216 76.7784
216 124 76.7784
120 95 31.7293
95 120 31.7293
51 52 99.8449
52 51 99.8449
40 220 27.5132
220 40 27.5132
175 214 65.4812
214 175 65.4812
173 121 13.6034
121 173 13.6034
90 29 47.7505
29 90 47.7505
4 200 28.5298
200 4 28.5298
226 92 57.2306
92 226 57.2306
80 57 31.7009
57 80 31.7009
185 178 97.5725
178 185 97.5725
81 210 74.6645
210 81 74.6645
159 160 71.2832
160 159 71.2832
81 222 13.6855
222 81 13.6855
76 30 46.9504
30 76 46.9504
65 140 46.7276
140 65 46.7276
240 60 23.0306
60 240 23.0306
52 94 51.1884
94 52 51.1884
243 94 45.2989
94 243 45.2989
28 142 31.2476
142 28 31.2476
156 78 19.2922
78 156 19.2922
29 103 97.8104
103 29 97.8104
231 119 46.5275
119 231 46.5275
7 24 63.6545
24 7 63.6545
118 52 81.2826
52 118 81.2826
168 152 29.5646
152 168 29.5646
98 80 48.001
80 98 48.001
201 10 76.7934
10 201 76.7934
86 143 74.3726
143 86 74.3726
6 157 50.7735
157 6 50.7735
22 59 96.337
59 22 96.337
159 115 62.4331
115 159 62.4331
16 185 37.4
185 16 37.4
189 90 33.2838
90 189 33.2838
54 127 94.6588
127 54 94.6588
8 205 61.0402
205 8 61.0402
16 237 20.4557
237 16 20.4557
172 216 87.0203
216 172 87.0203
212 153 88.8447
153 212 88.8447
190 36 82.463
36 190 82.463
10 197 31.7392
197 10 31.7392
189 13 87.0465
13 189 87.0465
6 4 59.7535
4 6 59.7535
15 204 75.3743
204 15 75.3743
72 163 29.234
163 72 29.234
82 5 19.6207
5 82 19.6207
251 217 73.2533
217 251 73.2533
105 182 65.4074
182 105 65.4074
174 231 53.5749
231 174 53.5749
125 36 70.3325
36 125 70.3325
91 92 54.1125
92 91 54.1125
27 235 12.2906
235 27 12.2906
222 20 32.1019
20 222 32.1019
14 50 23.5552
50 14 23.5552
56 48 18.3705
48 56 18.3705
94 4 64.2964
4 94 64.2964
54 78 30.7726
78 54 30.7726
116 210 90.3159
210 116 90.3159
43 185 96.8527
185 43 96.8527
51 1 18.9951
1 51 18.9951
159 20 26.4001
20 159 26.4001
206 140 30.7998
140 206 30.7998
209 125 59.0987
125 209 59.0987
20 235 26.4086
235 20 26.4086
90 113 23.4974
113 90 23.4974
161 233 77.7627
233 161 77.7627
113 217 72.8973
217 113 72.8973
11 129 29.8865
129 11 29.8865
84 50 49.2145
50 84 49.2145
61 103 68.5587
103 61 68.5587
44 183 66.1397
183 44 66.1397
185 87 41.9264
87 185 41.9264
138 46 49.9545
46 138 49.9545
157 212 61.7133
212 157 61.7133
200 222 58.5626
222 200 58.5626
241 42 11.5516
42 241 11.5516
92 223 74.6359
223 92 74.6359
174 232 23.4767
232 174 23.4767
88 197 63.6478
197 88 63.6478
188 146 86.9193
146 188 86.9193
17 135 34.9642
135 17 34.9642
163 32 58.4029
32 163 58.4029
214 227 72.4348
227 214 72.4348
155 252 69.4619
252 155 69.4619
189 118 23.518
118 189 23.518
62 202 93.0371
202 62 93.0371
192 138 85.0161
138 192 85.0161
122 145 40.2789
145 122 40.2789
47 59 80.0199
59 47 80.0199
170 152 31.4137
152 170 31.4137
40 145 46.1434
145 40 46.1434
46 106 69.0492
106 46 69.0492
198 149 87.6092
149 198 87.6092
34 251 66.6144
251 34 66.6144
145 35 26.4724
35 145 26.4724
64 37 51.0314
37 64 51.0314
19 103 65.9356
103 19 65.9356
98 66 19.2049
66 98 19.2049
128 217 25.4276
217 128 25.4276
184 181 78.85
181 184 78.85
132 99 68.3432
99 132 68.3432
172 137 77.182
137 172 77.182
109 8 89.2645
8 109 89.2645
179 78 38.4049
78 179 38.4049
54 241 92.9913
241 54 92.9913
81 9 57.409
9 81 57.409
211 156 67.1198
156 211 67.1198
68 35 20.272
35 68 20.272
228 147 94.1208
147 228 94.1208
166 127 66.7792
127 166 66.7792
152 244 78.3536
244 152 78.3536
210 60 28.1478
60 210 28.1478
110 18 58.1078
18 110 58.1078
134 35 90.9762
35 134 90.9762
132 177 96.3965
177 132 96.3965
36 17 68.2305
17 36 68.2305
24 158 86.7338
158 24 86.7338
201 222 26.5935
222 201 26.5935
28 12 15.525
12 28 15.525
105 250 89.913
250 105 89.913
