288 3362 79 169
1 0 66.7336
0 1 66.7336
2 0 86.3179
0 2 86.3179
3 2 45.9676
2 3 45.9676
4 1 80.026
1 4 80.026
5 1 77.3197
1 5 77.3197
6 4 63.9496
4 6 63.9496
7 1 24.7857
1 7 24.7857
8 3 40.5265
3 8 40.5265
9 0 52.4291
0 9 52.4291
10 4 11.0241
4 10 11.0241
11 6 66.5891
6 11 66.5891
12 3 30.7923
3 12 30.7923
13 4 51.7375
4 13 51.7375
14 3 58.0108
3 14 58.0108
15 4 43.01
4 15 43.01
16 6 46.4034
6 16 46.4034
17 10 94.9214
10 17 94.9214
18 9 25.8349
9 18 25.8349
19 18 42.5322
18 19 42.5322
20 15 60.0947
15 20 60.0947
21 9 34.5204
9 21 34.5204
22 16 97.5053
16 22 97.5053
23 8 29.1074
8 23 29.1074
24 14 36.5285
14 24 36.5285
25 11 27.754
11 25 27.754
26 19 76.9869
19 26 76.9869
27 7 62.5999
7 27 62.5999
28 22 20.7062
22 28 20.7062
29 23 22.9979
23 29 22.9979
30 1 71.0198
1 30 71.0198
31 8 86.2467
8 31 86.2467
32 19 16.2144
19 32 16.2144
33 24 82.4788
24 33 82.4788
34 2 86.4321
2 34 86.4321
35 0 71.2941
0 35 71.2941
36 5 72.5232
5 36 72.5232
37 6 74.3842
6 37 74.3842
38 20 53.3595
20 38 53.3595
39 18 64.3327
18 39 64.3327
40 25 46.9143
25 40 46.9143
41 15 74.2565
15 41 74.2565
42 22 15.5091
22 42 15.5091
43 23 63.9132
23 43 63.9132
44 36 13.9977
36 44 13.9977
45 34 89.5988
34 45 89.5988
46 40 95.473
40 46 95.473
47 28 61.0845
28 47 61.0845
48 7 96.3814
7 48 96.3814
49 28 37.0927
28 49 37.0927
50 45 37.5427
45 50 37.5427
51 36 10.9332
36 51 10.9332
52 4 89.5963
4 52 89.5963
53 16 24.1922
16 53 24.1922
54 11 42.0839
11 54 42.0839
55 44 19.5003
44 55 19.5003
56 18 40.6782
18 56 40.6782
57 8 95.5769
8 57 95.5769
58 56 29.5526
56 58 29.5526
59 49 31.7236
49 59 31.7236
60 51 92.1172
51 60 92.1172
61 20 45.1184
20 61 45.1184
62 52 71.8788
52 62 71.8788
63 37 93.9925
37 63 93.9925
64 22 28.4828
22 64 28.4828
65 48 84.0155
48 65 84.0155
66 30 79.5957
30 66 79.5957
67 42 23.2093
42 67 23.2093
68 66 97.4506
66 68 97.4506
69 58 79.2034
58 69 79.2034
70 26 61.637
26 70 61.637
71 14 11.7806
14 71 11.7806
72 69 13.8077
69 72 13.8077
73 52 27.034
52 73 27.034
74 10 78.2167
10 74 78.2167
75 55 70.8984
55 75 70.8984
76 66 40.0932
66 76 40.0932
77 54 12.4813
54 77 12.4813
78 13 85.5738
13 78 85.5738
79 69 89.1398
69 79 89.1398
80 65 54.6152
65 80 54.6152
81 66 95.4902
66 81 95.4902
82 6 85.4455
6 82 85.4455
83 65 30.5588
65 83 30.5588
84 45 93.4319
45 84 93.4319
85 5 33.1537
5 85 33.1537
86 15 38.4046
15 86 38.4046
87 33 25.3734
33 87 25.3734
88 5 81.3597
5 88 81.3597
89 75 60.0856
75 89 60.0856
90 33 21.6393
33 90 21.6393
91 24 15.418
24 91 15.418
92 74 33.947
74 92 33.947
93 14 20.2392
14 93 20.2392
94 70 42.0818
70 94 42.0818
95 75 96.8122
75 95 96.8122
96 95 42.0083
95 96 42.0083
97 92 83.7897
92 97 83.7897
98 93 51.5278
93 98 51.5278
99 64 44.3607
64 99 44.3607
100 75 60.8442
75 100 60.8442
101 45 41.4746
45 101 41.4746
102 92 67.9624
92 102 67.9624
103 10 88.897
10 103 88.897
104 37 57.2208
37 104 57.2208
105 89 26.3015
89 105 26.3015
106 49 91.7267
49 106 91.7267
107 88 78.9588
88 107 78.9588
108 31 58.691
31 108 58.691
109 15 33.2859
15 109 33.2859
110 63 46.7224
63 110 46.7224
111 107 53.461
107 111 53.461
112 33 71.5858
33 112 71.5858
113 90 21.3276
90 113 21.3276
114 16 37.0816
16 114 37.0816
115 34 28.701
34 115 28.701
116 42 43.55
42 116 43.55
117 116 32.1447
116 117 32.1447
118 62 42.8813
62 118 42.8813
119 102 21.1638
102 119 21.1638
120 50 54.1615
50 120 54.1615
121 114 95.3583
114 121 95.3583
122 105 72.9116
105 122 72.9116
123 19 24.2544
19 123 24.2544
124 40 22.4241
40 124 22.4241
125 72 54.425
72 125 54.425
126 60 48.2226
60 126 48.2226
127 68 94.6761
68 127 94.6761
128 48 82.5394
48 128 82.5394
129 24 59.6074
24 129 59.6074
130 128 21.2721
128 130 21.2721
131 84 18.3221
84 131 18.3221
132 50 15.2445
50 132 15.2445
133 2 66.0768
2 133 66.0768
134 28 99.9686
28 134 99.9686
135 121 57.8805
121 135 57.8805
136 103 99.6518
103 136 99.6518
137 31 67.4439
31 137 67.4439
138 109 82.417
109 138 82.417
139 17 21.9627
17 139 21.9627
140 60 97.4638
60 140 97.4638
141 18 74.8007
18 141 74.8007
142 17 58.1688
17 142 58.1688
143 137 48.6749
137 143 48.6749
144 10 74.8305
10 144 74.8305
145 12 46.5798
12 145 46.5798
146 44 63.9988
44 146 63.9988
147 12 67.8648
12 147 67.8648
148 48 54.9097
48 148 54.9097
149 129 53.3129
129 149 53.3129
150 68 75.2917
68 150 75.2917
151 8 97.7388
8 151 97.7388
152 134 18.7491
134 152 18.7491
153 29 79.7657
29 153 79.7657
154 116 25.7283
116 154 25.7283
155 97 53.7604
97 155 53.7604
156 103 58.5205
103 156 58.5205
157 122 85.0043
122 157 85.0043
158 133 11.898
133 158 11.898
159 138 84.0589
138 159 84.0589
160 29 41.5046
29 160 41.5046
161 85 88.2984
85 161 88.2984
162 104 21.5384
104 162 21.5384
163 112 55.061
112 163 55.061
164 42 70.5785
42 164 70.5785
165 126 99.5797
126 165 99.5797
166 21 67.6934
21 166 67.6934
167 46 25.9938
46 167 25.9938
168 143 58.974
143 168 58.974
169 123 60.7447
123 169 60.7447
170 158 61.686
158 170 61.686
171 154 11.7455
154 171 11.7455
172 138 74.2896
138 172 74.2896
173 13 77.5038
13 173 77.5038
174 128 88.6502
128 174 88.6502
175 116 64.9521
116 175 64.9521
176 171 48.0054
171 176 48.0054
177 54 57.5614
54 177 57.5614
178 154 29.4694
154 178 29.4694
179 86 43.5768
86 179 43.5768
180 72 62.0877
72 180 62.0877
181 93 35.3406
93 181 35.3406
182 5 22.8298
5 182 22.8298
183 25 30.9892
25 183 30.9892
184 89 37.6289
89 184 37.6289
185 60 35.3332
60 185 35.3332
186 84 93.2096
84 186 93.2096
187 41 19.5999
41 187 19.5999
188 157 14.5292
157 188 14.5292
189 2 59.4407
2 189 59.4407
190 59 14.0744
59 190 14.0744
191 120 97.5859
120 191 97.5859
192 135 83.1585
135 192 83.1585
193 115 23.4647
115 193 23.4647
194 142 89.7413
142 194 89.7413
195 53 10.7152
53 195 10.7152
196 86 43.0349
86 196 43.0349
197 69 69.6376
69 197 69.6376
198 54 37.3137
54 198 37.3137
199 28 31.7232
28 199 31.7232
200 98 31.6005
98 200 31.6005
201 45 30.2151
45 201 30.2151
202 176 35.7421
176 202 35.7421
203 114 57.4703
114 203 57.4703
204 141 84.5858
141 204 84.5858
205 10 59.8351
10 205 59.8351
206 135 20.8274
135 206 20.8274
207 9 42.4261
9 207 42.4261
208 113 69.7929
113 208 69.7929
209 179 77.0668
179 209 77.0668
210 169 49.6498
169 210 49.6498
211 193 30.6413
193 211 30.6413
212 145 79.7205
145 212 79.7205
213 141 88.8462
141 213 88.8462
214 54 87.642
54 214 87.642
215 46 75.2893
46 215 75.2893
216 21 32.4832
21 216 32.4832
217 18 22.5752
18 217 22.5752
218 206 51.6761
206 218 51.6761
219 176 18.0726
176 219 18.0726
220 198 80.8736
198 220 80.8736
221 149 81.3401
149 221 81.3401
222 78 75.0375
78 222 75.0375
223 167 70.5325
167 223 70.5325
224 21 85.4025
21 224 85.4025
225 113 73.9475
113 225 73.9475
226 38 90.2229
38 226 90.2229
227 45 52.5289
45 227 52.5289
228 34 95.2393
34 228 95.2393
229 199 52.7652
199 229 52.7652
230 37 60.8774
37 230 60.8774
231 214 78.4087
214 231 78.4087
232 218 94.778
218 232 94.778
233 170 91.8967
170 233 91.8967
234 233 50.1621
233 234 50.1621
235 151 53.4683
151 235 53.4683
236 126 19.8911
126 236 19.8911
237 155 65.5541
155 237 65.5541
238 34 98.9648
34 238 98.9648
239 66 81.608
66 239 81.608
240 103 73.0232
103 240 73.0232
241 207 11.388
207 241 11.388
242 47 99.8586
47 242 99.8586
243 16 85.8732
16 243 85.8732
244 143 85.2361
143 244 85.2361
245 93 43.6061
93 245 43.6061
246 110 62.1129
110 246 62.1129
247 107 98.4997
107 247 98.4997
248 165 68.5511
165 248 68.5511
249 52 69.1289
52 249 69.1289
250 90 59.0795
90 250 59.0795
251 202 35.3727
202 251 35.3727
252 118 21.7309
118 252 21.7309
253 165 24.7425
165 253 24.7425
254 228 78.6022
228 254 78.6022
255 85 76.4076
85 255 76.4076
256 13 50.4433
13 256 50.4433
257 156 97.5111
156 257 97.5111
258 19 89.5122
19 258 89.5122
259 166 25.2032
166 259 25.2032
260 247 53.2359
247 260 53.2359
261 26 71.3525
26 261 71.3525
262 166 66.1585
166 262 66.1585
263 152 96.8537
152 263 96.8537
264 239 61.1173
239 264 61.1173
265 113 16.9952
113 265 16.9952
266 72 99.5648
72 266 99.5648
267 228 86.2016
228 267 86.2016
268 249 80.5804
249 268 80.5804
269 51 10.202
51 269 10.202
270 90 65.2411
90 270 65.2411
271 155 45.8737
155 271 45.8737
272 116 44.5039
116 272 44.5039
273 42 37.8572
42 273 37.8572
274 34 80.2112
34 274 80.2112
275 19 96.2705
19 275 96.2705
276 242 61.3907
242 276 61.3907
277 170 13.7964
170 277 13.7964
278 141 20.6469
141 278 20.6469
279 21 12.3249
21 279 12.3249
280 252 16.8894
252 280 16.8894
281 77 26.3292
77 281 26.3292
282 107 35.925
107 282 35.925
283 41 60.0669
41 283 60.0669
284 247 29.0432
247 284 29.0432
285 184 10.2888
184 285 10.2888
286 236 66.8529
236 286 66.8529
287 44 19.3492
44 287 19.3492
133 12 69.6818
12 133 69.6818
199 119 67.0729
119 199 67.0729
285 243 58.2669
243 285 58.2669
33 22 64.3557
22 33 64.3557
41 130 47.752
130 41 47.752
239 229 36.1653
229 239 36.1653
265 276 37.4638
276 265 37.4638
50 210 29.0216
210 50 29.0216
21 196 87.3303
196 21 87.3303
114 272 41.5744
272 114 41.5744
267 240 10.6595
240 267 10.6595
218 19 66.1492
19 218 66.1492
18 263 46.5042
263 18 46.5042
4 179 95.6228
179 4 95.6228
16 61 28.5522
61 16 28.5522
112 274 32.9166
274 112 32.9166
177 75 71.6572
75 177 71.6572
104 127 28.8311
127 104 28.8311
203 46 37.3063
46 203 37.3063
21 126 81.7265
126 21 81.7265
225 49 35.2519
49 225 35.2519
213 53 96.3486
53 213 96.3486
26 239 29.1422
239 26 29.1422
222 21 42.5708
21 222 42.5708
95 16 45.1657
16 95 45.1657
89 185 80.333
185 89 80.333
269 72 68.6195
72 269 68.6195
65 111 61.5391
111 65 61.5391
219 93 15.7595
93 219 15.7595
178 285 47.2578
285 178 47.2578
205 30 95.9494
30 205 95.9494
144 82 45.1201
82 144 45.1201
117 55 31.0754
55 117 31.0754
156 3 42.0513
3 156 42.0513
79 254 85.1104
254 79 85.1104
119 67 63.7997
67 119 63.7997
100 206 57.8184
206 100 57.8184
247 51 82.5918
51 247 82.5918
278 171 17.4184
171 278 17.4184
245 25 61.1902
25 245 61.1902
2 91 10.7302
91 2 10.7302
42 39 87.1084
39 42 87.1084
222 12 64.1129
12 222 64.1129
284 143 77.1618
143 284 77.1618
55 99 31.3948
99 55 31.3948
0 34 21.855
34 0 21.855
189 272 81.3111
272 189 81.3111
157 99 92.8365
99 157 92.8365
130 75 32.8277
75 130 32.8277
229 247 78.5463
247 229 78.5463
80 33 79.3467
33 80 79.3467
254 212 91.0388
212 254 91.0388
21 219 89.0899
219 21 89.0899
279 225 48.8684
225 279 48.8684
14 108 48.7887
108 14 48.7887
122 59 41.8158
59 122 41.8158
87 162 65.4362
162 87 65.4362
41 58 91.233
58 41 91.233
96 166 11.9861
166 96 11.9861
101 37 40.623
37 101 40.623
123 130 80.5305
130 123 80.5305
52 213 91.2275
213 52 91.2275
285 107 98.811
107 285 98.811
274 54 27.3812
54 274 27.3812
77 111 26.9237
111 77 26.9237
108 81 63.1536
81 108 63.1536
195 184 97.9363
184 195 97.9363
61 66 26.432
66 61 26.432
163 95 58.591
95 163 58.591
51 163 91.4229
163 51 91.4229
258 194 38.1577
194 258 38.1577
156 161 31.3814
161 156 31.3814
117 274 47.3538
274 117 47.3538
235 14 69.0724
14 235 69.0724
143 85 27.255
85 143 27.255
282 125 34.2354
125 282 34.2354
114 186 20.4444
186 114 20.4444
44 0 52.8442
0 44 52.8442
49 165 99.5328
165 49 99.5328
263 269 63.6264
269 263 63.6264
28 54 22.4147
54 28 22.4147
222 13 60.9185
13 222 60.9185
252 241 82.9981
241 252 82.9981
80 240 89.3952
240 80 89.3952
143 75 89.4756
75 143 89.4756
115 68 81.5549
68 115 81.5549
165 199 25.256
199 165 25.256
204 272 59.6514
272 204 59.6514
54 256 72.464
256 54 72.464
227 276 75.8621
276 227 75.8621
270 156 50.3755
156 270 50.3755
152 109 96.5216
109 152 96.5216
195 189 28.8151
189 195 28.8151
171 25 54.1472
25 171 54.1472
45 151 29.6231
151 45 29.6231
32 174 49.7045
174 32 49.7045
258 241 45.2296
241 258 45.2296
14 254 84.8412
254 14 84.8412
85 145 86.0188
145 85 86.0188
231 166 26.3647
166 231 26.3647
151 183 61.3762
183 151 61.3762
94 118 50.0787
118 94 50.0787
56 230 14.6123
230 56 14.6123
29 31 82.5012
31 29 82.5012
78 76 12.7446
76 78 12.7446
25 82 74.0071
82 25 74.0071
280 95 11.2836
95 280 11.2836
147 91 31.2374
91 147 31.2374
211 227 68.2686
227 211 68.2686
219 148 43.8269
148 219 43.8269
99 128 44.3804
128 99 44.3804
232 265 37.796
265 232 37.796
263 229 26.5736
229 263 26.5736
141 88 19.0188
88 141 19.0188
157 192 83.7423
192 157 83.7423
99 47 49.3942
47 99 49.3942
78 241 16.68
241 78 16.68
181 152 38.6347
152 181 38.6347
142 131 72.9266
131 142 72.9266
95 108 40.2366
108 95 40.2366
229 277 23.8834
277 229 23.8834
195 33 48.0496
33 195 48.0496
58 21 75.0126
21 58 75.0126
202 101 84.6778
101 202 84.6778
260 262 10.8358
262 260 10.8358
257 26 82.9459
26 257 82.9459
214 112 30.4657
112 214 30.4657
117 72 98.9709
72 117 98.9709
137 228 45.5213
228 137 45.5213
32 37 70.6793
37 32 70.6793
106 75 91.4652
75 106 91.4652
187 287 93.5021
287 187 93.5021
25 66 59.5702
66 25 59.5702
219 240 25.4294
240 219 25.4294
72 265 62.2756
265 72 62.2756
171 33 80.7653
33 171 80.7653
210 55 54.9589
55 210 54.9589
179 189 20.0874
189 179 20.0874
39 231 87.705
231 39 87.705
95 262 63.2766
262 95 63.2766
113 112 67.2199
112 113 67.2199
260 27 42.655
27 260 42.655
40 65 70.0691
65 40 70.0691
123 75 25.1213
75 123 25.1213
255 265 38.6407
265 255 38.6407
29 190 87.8556
190 29 87.8556
207 82 48.6371
82 207 48.6371
12 235 66.3258
235 12 66.3258
237 131 91.4166
131 237 91.4166
118 263 79.1552
263 118 79.1552
98 120 68.1131
120 98 68.1131
173 76 91.8489
76 173 91.8489
157 214 62.8735
214 157 62.8735
58 176 19.2634
176 58 19.2634
92 135 77.9732
135 92 77.9732
61 80 92.7425
80 61 92.7425
271 222 78.9729
222 271 78.9729
244 129 67.6069
129 244 67.6069
136 252 89.5355
252 136 89.5355
83 267 78.3133
267 83 78.3133
230 61 50.7222
61 230 50.7222
122 229 39.1765
229 122 39.1765
136 14 53.2118
14 136 53.2118
115 212 63.1512
212 115 63.1512
47 175 79.6478
175 47 79.6478
166 219 34.7159
219 166 34.7159
145 232 87.2805
232 145 87.2805
118 58 53.6499
58 118 53.6499
20 274 91.4403
274 20 91.4403
228 14 44.4699
14 228 44.4699
284 81 12.1034
81 284 12.1034
238 27 79.256
27 238 79.256
170 141 66.1744
141 170 66.1744
32 202 88.9056
202 32 88.9056
230 218 92.1977
218 230 92.1977
60 79 29.4974
79 60 29.4974
251 286 27.7596
286 251 27.7596
170 257 29.4814
257 170 29.4814
114 115 74.8139
115 114 74.8139
255 74 43.1543
74 255 43.1543
176 23 43.3714
23 176 43.3714
229 201 93.5643
201 229 93.5643
127 74 30.3412
74 127 30.3412
163 243 76.6451
243 163 76.6451
133 66 16.2537
66 133 16.2537
218 195 62.9192
195 218 62.9192
0 4 33.7123
4 0 33.7123
72 45 71.6729
45 72 71.6729
166 100 57.5504
100 166 57.5504
276 213 81.6743
213 276 81.6743
34 32 97.2801
32 34 97.2801
279 223 47.4785
223 279 47.4785
142 5 97.2696
5 142 97.2696
44 23 37.3721
23 44 37.3721
22 101 73.1708
101 22 73.1708
184 257 21.2396
257 184 21.2396
26 272 70.5343
272 26 70.5343
109 160 16.8305
160 109 16.8305
64 254 37.9368
254 64 37.9368
246 96 20.1401
96 246 20.1401
198 279 49.262
279 198 49.262
252 176 34.8151
176 252 34.8151
150 252 74.2775
252 150 74.2775
63 102 19.9307
102 63 19.9307
177 141 66.6711
141 177 66.6711
129 278 11.1545
278 129 11.1545
77 74 27.0419
74 77 27.0419
264 127 71.3507
127 264 71.3507
189 202 70.7925
202 189 70.7925
26 243 28.9441
243 26 28.9441
284 141 23.4293
141 284 23.4293
52 45 77.674
45 52 77.674
154 73 39.1569
73 154 39.1569
36 70 70.7412
70 36 70.7412
268 116 47.9332
116 268 47.9332
75 61 39.804
61 75 39.804
194 36 83.1526
36 194 83.1526
17 179 17.0606
179 17 17.0606
91 73 50.8855
73 91 50.8855
58 87 87.1978
87 58 87.1978
27 266 39.004
266 27 39.004
186 86 17.4496
86 186 17.4496
154 265 68.8171
265 154 68.8171
33 219 20.607
219 33 20.607
241 239 26.1719
239 241 26.1719
188 86 43.804
86 188 43.804
72 86 62.0119
86 72 62.0119
75 287 30.6575
287 75 30.6575
279 169 57.2156
169 279 57.2156
91 139 47.8955
139 91 47.8955
30 180 65.6926
180 30 65.6926
166 269 87.0898
269 166 87.0898
193 172 37.0859
172 193 37.0859
37 286 36.3124
286 37 36.3124
68 104 94.4894
104 68 94.4894
126 207 32.2911
207 126 32.2911
22 231 72.3258
231 22 72.3258
85 276 66.9865
276 85 66.9865
187 158 84.5258
158 187 84.5258
4 20 95.5575
20 4 95.5575
111 78 10.6223
78 111 10.6223
282 192 87.961
192 282 87.961
89 122 63.2918
122 89 63.2918
187 109 25.969
109 187 25.969
239 47 45.1288
47 239 45.1288
268 33 71.7696
33 268 71.7696
160 1 94.3705
1 160 94.3705
10 14 99.1736
14 10 99.1736
221 42 95.862
42 221 95.862
156 154 96.793
154 156 96.793
114 10 90.1312
10 114 90.1312
92 87 51.7854
87 92 51.7854
229 15 60.597
15 229 60.597
68 153 89.1251
153 68 89.1251
271 173 54.6961
173 271 54.6961
91 121 67.85
121 91 67.85
59 47 23.7419
47 59 23.7419
97 232 95.0809
232 97 95.0809
65 114 79.615
114 65 79.615
190 1 32.5947
1 190 32.5947
163 97 74.3372
97 163 74.3372
117 257 15.4301
257 117 15.4301
27 211 59.5861
211 27 59.5861
186 166 62.4374
166 186 62.4374
77 183 33.6023
183 77 33.6023
70 65 41.4051
65 70 41.4051
220 211 77.307
211 220 77.307
243 104 42.8668
104 243 42.8668
72 110 90.0575
110 72 90.0575
142 162 64.4613
162 142 64.4613
284 197 63.5075
197 284 63.5075
51 102 43.5291
102 51 43.5291
268 102 85.4176
102 268 85.4176
272 175 89.5657
175 272 89.5657
233 9 75.8615
9 233 75.8615
272 39 65.2886
39 272 65.2886
19 246 54.3477
246 19 54.3477
61 195 73.8916
195 61 73.8916
27 22 85.5182
22 27 85.5182
276 193 54.9577
193 276 54.9577
267 163 13.4416
163 267 13.4416
163 178 68.9443
178 163 68.9443
183 286 33.4885
286 183 33.4885
219 31 85.4522
31 219 85.4522
283 130 99.7304
130 283 99.7304
150 86 70.4122
86 150 70.4122
127 6 40.8666
6 127 40.8666
173 272 60.7402
272 173 60.7402
178 181 49.8286
181 178 49.8286
3 19 70.6006
19 3 70.6006
169 194 46.1042
194 169 46.1042
95 131 84.3436
131 95 84.3436
109 1 21.9432
1 109 21.9432
262 115 50.5988
115 262 50.5988
212 98 12.2122
98 212 12.2122
11 136 65.2633
136 11 65.2633
22 137 15.0118
137 22 15.0118
194 222 54.7793
222 194 54.7793
139 20 27.2333
20 139 27.2333
79 82 40.6054
82 79 40.6054
182 34 53.3435
34 182 53.3435
44 108 20.6639
108 44 20.6639
247 83 87.6919
83 247 87.6919
3 183 16.002
183 3 16.002
229 217 93.7502
217 229 93.7502
200 123 82.7536
123 200 82.7536
267 73 11.6081
73 267 11.6081
22 258 97.7366
258 22 97.7366
225 235 96.0035
235 225 96.0035
115 247 61.24
247 115 61.24
154 213 99.8567
213 154 99.8567
238 266 77.7003
266 238 77.7003
132 67 78.2671
67 132 78.2671
4 203 57.2082
203 4 57.2082
242 92 67.997
92 242 67.997
78 198 44.5193
198 78 44.5193
73 183 84.6019
183 73 84.6019
147 233 41.8452
233 147 41.8452
31 37 91.3322
37 31 91.3322
10 247 19.7986
247 10 19.7986
98 123 95.5484
123 98 95.5484
124 39 72.7263
39 124 72.7263
52 127 56.387
127 52 56.387
26 231 21.6595
231 26 21.6595
8 265 13.4742
265 8 13.4742
11 215 16.9587
215 11 16.9587
162 138 65.3942
138 162 65.3942
91 59 87.6658
59 91 87.6658
81 257 69.6681
257 81 69.6681
278 93 49.5658
93 278 49.5658
80 57 64.6105
57 80 64.6105
189 13 38.1888
13 189 38.1888
137 4 82.9678
4 137 82.9678
243 207 39.3955
207 243 39.3955
183 29 17.6979
29 183 17.6979
27 75 58.5985
75 27 58.5985
43 58 95.6511
58 43 95.6511
143 169 70.4102
169 143 70.4102
186 83 65.8595
83 186 65.8595
194 68 45.6826
68 194 45.6826
269 59 38.3945
59 269 38.3945
28 231 85.1953
231 28 85.1953
213 56 72.8751
56 213 72.8751
9 218 40.0738
218 9 40.0738
54 225 84.1497
225 54 84.1497
268 144 86.9627
144 268 86.9627
226 90 23.6501
90 226 23.6501
245 154 23.77
154 245 23.77
206 81 66.7714
81 206 66.7714
22 257 76.0117
257 22 76.0117
208 8 57.7688
8 208 57.7688
181 245 71.0087
245 181 71.0087
64 46 85.0904
46 64 85.0904
40 4 16.4018
4 40 16.4018
256 190 80.0099
190 256 80.0099
280 275 38.347
275 280 38.347
76 125 62.2088
125 76 62.2088
41 245 29.5651
245 41 29.5651
95 197 19.8245
197 95 19.8245
125 249 69.0226
249 125 69.0226
270 284 18.6426
284 270 18.6426
242 87 97.8846
87 242 97.8846
237 64 48.1195
64 237 48.1195
192 92 63.0247
92 192 63.0247
155 141 76.3216
141 155 76.3216
1 244 68.6238
244 1 68.6238
195 253 83.979
253 195 83.979
174 158 15.3943
158 174 15.3943
159 284 10.8225
284 159 10.8225
62 127 39.6206
127 62 39.6206
122 141 19.7378
141 122 19.7378
194 253 40.1563
253 194 40.1563
228 143 80.3247
143 228 80.3247
93 115 42.7625
115 93 42.7625
144 161 64.1846
161 144 64.1846
287 190 79.4954
190 287 79.4954
167 88 76.5239
88 167 76.5239
38 69 10.8122
69 38 10.8122
88 174 94.478
174 88 94.478
68 18 50.2652
18 68 50.2652
133 223 69.2823
223 133 69.2823
15 205 92.3462
205 15 92.3462
141 164 89.474
164 141 89.474
195 42 81.9755
42 195 81.9755
123 72 24.4675
72 123 24.4675
235 114 44.227
114 235 44.227
261 119 34.1247
119 261 34.1247
91 181 58.3358
181 91 58.3358
264 71 43.1701
71 264 43.1701
144 42 26.2705
42 144 26.2705
211 84 18.5066
84 211 18.5066
4 204 26.7185
204 4 26.7185
237 15 21.5505
15 237 21.5505
280 30 58.6679
30 280 58.6679
182 79 69.5382
79 182 69.5382
106 188 92.6337
188 106 92.6337
269 212 95.1204
212 269 95.1204
189 141 90.5235
141 189 90.5235
198 132 46.3041
132 198 46.3041
73 173 15.2545
173 73 15.2545
196 218 76.4955
218 196 76.4955
222 100 59.1059
100 222 59.1059
180 198 26.8104
198 180 26.8104
0 66 71.1458
66 0 71.1458
94 168 98.9824
168 94 98.9824
174 181 41.5875
181 174 41.5875
168 162 70.179
162 168 70.179
29 202 36.4677
202 29 36.4677
15 99 57.0202
99 15 57.0202
211 178 79.7575
178 211 79.7575
229 61 39.0801
61 229 39.0801
128 10 75.9618
10 128 75.9618
114 122 78.921
122 114 78.921
124 241 44.491
241 124 44.491
195 0 49.5598
0 195 49.5598
154 79 33.4029
79 154 33.4029
136 18 59.986
18 136 59.986
188 236 19.1498
236 188 19.1498
263 148 58.0951
148 263 58.0951
25 240 27.8208
240 25 27.8208
230 285 94.5202
285 230 94.5202
192 153 88.0262
153 192 88.0262
286 29 22.4321
29 286 22.4321
118 175 91.6964
175 118 91.6964
133 5 91.8979
5 133 91.8979
229 115 39.0824
115 229 39.0824
119 164 35.2878
164 119 35.2878
247 183 62.4541
183 247 62.4541
144 227 43.0224
227 144 43.0224
98 152 83.8981
152 98 83.8981
44 168 35.9317
168 44 35.9317
184 81 58.6073
81 184 58.6073
4 254 41.2368
254 4 41.2368
169 112 91.0003
112 169 91.0003
151 56 18.9583
56 151 18.9583
126 42 94.7534
42 126 94.7534
101 70 58.3801
70 101 58.3801
8 225 66.5705
225 8 66.5705
21 230 25.2782
230 21 25.2782
108 187 64.9593
187 108 64.9593
197 126 29.9804
126 197 29.9804
171 244 61.9466
244 171 61.9466
267 27 46.1263
27 267 46.1263
226 123 58.9568
123 226 58.9568
270 192 90.8448
192 270 90.8448
108 66 55.744
66 108 55.744
26 187 50.5071
187 26 50.5071
232 29 12.635
29 232 12.635
221 91 64.2238
91 221 64.2238
6 189 75.295
189 6 75.295
137 258 26.2987
258 137 26.2987
16 10 17.6478
10 16 17.6478
214 215 18.2958
215 214 18.2958
37 227 35.9278
227 37 35.9278
139 146 82.2628
146 139 82.2628
142 245 15.1571
245 142 15.1571
107 177 63.2271
177 107 63.2271
156 231 18.8296
231 156 18.8296
171 119 84.1868
119 171 84.1868
124 113 42.3334
113 124 42.3334
198 190 91.7938
190 198 91.7938
239 132 85.8228
132 239 85.8228
148 208 57.161
208 148 57.161
84 244 68.8093
244 84 68.8093
99 232 57.828
232 99 57.828
182 27 32.103
27 182 32.103
200 95 98.2155
95 200 98.2155
258 254 19.5605
254 258 19.5605
248 164 35.6774
164 248 35.6774
76 162 14.5193
162 76 14.5193
70 191 88.5941
191 70 88.5941
209 283 17.6811
283 209 17.6811
224 220 18.1188
220 224 18.1188
10 241 50.4054
241 10 50.4054
11 85 52.1521
85 11 52.1521
259 67 58.2846
67 259 58.2846
257 132 64.4979
132 257 64.4979
50 174 54.9914
174 50 54.9914
72 270 98.6621
270 72 98.6621
285 266 47.5968
266 285 47.5968
150 217 74.0747
217 150 74.0747
162 115 15.5996
115 162 15.5996
228 263 72.2989
263 228 72.2989
193 178 86.1094
178 193 86.1094
195 213 15.1862
213 195 15.1862
111 186 68.3127
186 111 68.3127
64 193 35.7672
193 64 35.7672
126 128 50.9301
128 126 50.9301
15 105 21.1143
105 15 21.1143
72 197 22.2664
197 72 22.2664
280 47 92.5744
47 280 92.5744
50 143 89.2473
143 50 89.2473
159 261 77.8085
261 159 77.8085
4 81 37.8992
81 4 37.8992
17 74 58.1553
74 17 58.1553
242 245 51.8683
245 242 51.8683
55 156 78.9042
156 55 78.9042
86 270 18.7532
270 86 18.7532
131 57 90.9487
57 131 90.9487
56 177 12.5851
177 56 12.5851
126 57 88.0261
57 126 88.0261
40 146 10.7757
146 40 10.7757
86 152 59.4726
152 86 59.4726
9 224 34.1259
224 9 34.1259
194 192 92.2274
192 194 92.2274
70 241 19.5206
241 70 19.5206
3 237 26.0564
237 3 26.0564
212 14 40.375
14 212 40.375
125 35 18.2238
35 125 18.2238
45 62 31.0773
62 45 31.0773
217 232 81.4214
232 217 81.4214
180 171 88.3573
171 180 88.3573
183 20 37.6769
20 183 37.6769
71 149 76.1957
149 71 76.1957
238 239 50.0698
239 238 50.0698
257 250 19.4778
250 257 19.4778
50 231 21.5839
231 50 21.5839
192 123 93.0471
123 192 93.0471
143 263 59.5147
263 143 59.5147
212 266 32.4605
266 212 32.4605
225 203 70.5585
203 225 70.5585
285 175 72.9555
175 285 72.9555
62 72 80.4672
72 62 80.4672
130 273 16.9427
273 130 16.9427
162 9 90.749
9 162 90.749
226 259 84.5826
259 226 84.5826
195 200 44.0881
200 195 44.0881
94 272 42.18
272 94 42.18
103 237 41.3457
237 103 41.3457
216 172 97.4957
172 216 97.4957
191 193 38.2396
193 191 38.2396
240 115 92.0821
115 240 92.0821
239 41 51.1137
41 239 51.1137
68 51 58.5287
51 68 58.5287
212 11 66.3017
11 212 66.3017
79 31 10.7305
31 79 10.7305
93 95 54.9794
95 93 54.9794
130 101 79.8851
101 130 79.8851
280 102 62.9966
102 280 62.9966
282 281 36.4885
281 282 36.4885
223 274 41.6258
274 223 41.6258
194 139 74.7836
139 194 74.7836
78 79 77.0238
79 78 77.0238
90 241 80.201
241 90 80.201
246 138 46.5043
138 246 46.5043
226 173 70.9501
173 226 70.9501
258 4 47.8965
4 258 47.8965
97 131 25.6176
131 97 25.6176
250 72 94.5482
72 250 94.5482
174 238 13.7038
238 174 13.7038
111 39 75.792
39 111 75.792
72 249 10.3152
249 72 10.3152
272 82 31.6672
82 272 31.6672
221 44 40.4816
44 221 40.4816
144 34 94.8556
34 144 94.8556
208 91 73.736
91 208 73.736
98 146 91.1849
146 98 91.1849
222 213 65.7292
213 222 65.7292
202 171 31.0071
171 202 31.0071
148 6 60.1499
6 148 60.1499
4 105 89.5424
105 4 89.5424
176 33 17.4612
33 176 17.4612
252 126 57.3101
126 252 57.3101
32 240 54.0075
240 32 54.0075
79 32 92.7096
32 79 92.7096
59 88 29.9158
88 59 29.9158
228 113 50.4609
113 228 50.4609
270 257 73.141
257 270 73.141
47 131 70.3977
131 47 70.3977
207 235 16.0422
235 207 16.0422
153 252 43.5306
252 153 43.5306
176 196 87.7817
196 176 87.7817
179 79 37.6122
79 179 37.6122
80 93 92.6072
93 80 92.6072
105 59 12.9241
59 105 12.9241
22 242 86.1093
242 22 86.1093
235 149 59.9297
149 235 59.9297
166 116 28.7121
116 166 28.7121
114 113 73.5384
113 114 73.5384
92 270 39.2604
270 92 39.2604
67 33 18.5832
33 67 18.5832
133 118 26.2504
118 133 26.2504
59 126 18.431
126 59 18.431
105 256 83.8139
256 105 83.8139
7 142 86.8713
142 7 86.8713
204 152 35.2713
152 204 35.2713
196 254 97.3078
254 196 97.3078
152 162 10.5579
162 152 10.5579
26 87 48.7252
87 26 48.7252
238 251 55.3396
251 238 55.3396
241 283 71.2828
283 241 71.2828
163 133 91.403
133 163 91.403
138 208 37.5291
208 138 37.5291
221 46 17.1883
46 221 17.1883
87 197 28.6229
197 87 28.6229
231 91 72.8553
91 231 72.8553
24 50 91.1169
50 24 91.1169
244 174 19.6141
174 244 19.6141
85 283 20.9033
283 85 20.9033
136 133 22.4214
133 136 22.4214
212 68 63.8254
68 212 63.8254
253 24 49.2253
24 253 49.2253
106 247 83.5759
247 106 83.5759
20 166 88.1174
166 20 88.1174
99 217 32.1899
217 99 32.1899
36 217 46.2596
217 36 46.2596
249 60 44.4029
60 249 44.4029
165 210 20.4096
210 165 20.4096
177 120 27.5431
120 177 27.5431
274 68 43.5217
68 274 43.5217
16 31 71.5396
31 16 71.5396
172 187 39.1214
187 172 39.1214
64 265 86.1784
265 64 86.1784
61 25 12.0127
25 61 12.0127
268 202 67.7523
202 268 67.7523
275 141 21.7822
141 275 21.7822
224 137 70.0143
137 224 70.0143
133 281 82.0061
281 133 82.0061
215 40 89.3587
40 215 89.3587
105 0 56.7228
0 105 56.7228
146 27 77.0328
27 146 77.0328
151 243 31.5066
243 151 31.5066
202 97 32.2577
97 202 32.2577
140 90 14.1193
90 140 14.1193
222 223 74.6846
223 222 74.6846
220 112 37.6327
112 220 37.6327
17 131 41.9473
131 17 41.9473
24 199 32.3505
199 24 32.3505
144 168 27.2215
168 144 27.2215
193 174 80.6509
174 193 80.6509
43 242 47.4251
242 43 47.4251
37 198 38.4346
198 37 38.4346
59 24 85.607
24 59 85.607
282 126 95.2831
126 282 95.2831
46 125 28.2247
125 46 28.2247
0 246 88.6621
246 0 88.6621
109 219 24.9504
219 109 24.9504
27 3 28.3859
3 27 28.3859
189 130 20.8068
130 189 20.8068
96 100 23.4851
100 96 23.4851
25 254 97.7374
254 25 97.7374
85 227 10.7203
227 85 10.7203
107 117 39.1156
117 107 39.1156
126 147 29.3241
147 126 29.3241
211 129 14.0339
129 211 14.0339
206 154 76.8755
154 206 76.8755
149 260 86.7029
260 149 86.7029
36 25 10.0388
25 36 10.0388
255 113 18.3132
113 255 18.3132
173 44 14.6105
44 173 14.6105
112 145 68.7337
145 112 68.7337
175 18 21.791
18 175 21.791
95 269 31.4288
269 95 31.4288
195 25 63.7931
25 195 63.7931
36 190 39.4076
190 36 39.4076
78 219 55.3628
219 78 55.3628
39 126 61.4579
126 39 61.4579
286 271 73.0168
271 286 73.0168
84 249 26.0436
249 84 26.0436
96 158 82.0072
158 96 82.0072
267 71 21.0603
71 267 21.0603
282 115 61.2044
115 282 61.2044
227 239 95.2401
239 227 95.2401
227 226 85.7366
226 227 85.7366
267 206 72.8015
206 267 72.8015
149 127 26.1168
127 149 26.1168
39 191 94.2629
191 39 94.2629
199 69 18.8517
69 199 18.8517
72 46 81.1096
46 72 81.1096
200 59 93.6689
59 200 93.6689
125 18 52.7113
18 125 52.7113
126 117 58.9696
117 126 58.9696
116 223 57.4055
223 116 57.4055
219 132 55.7864
132 219 55.7864
220 242 16.8643
242 220 16.8643
131 26 57.9639
26 131 57.9639
188 109 25.9689
109 188 25.9689
254 71 65.1127
71 254 65.1127
130 142 15.1756
142 130 15.1756
109 265 46.3679
265 109 46.3679
183 156 10.7238
156 183 10.7238
92 89 12.917
89 92 12.917
174 10 93.4129
10 174 93.4129
249 139 60.81
139 249 60.81
45 111 66.8439
111 45 66.8439
221 177 32.1053
177 221 32.1053
70 100 34.1563
100 70 34.1563
228 153 87.996
153 228 87.996
154 142 20.6334
142 154 20.6334
64 138 39.5541
138 64 39.5541
234 201 26.2204
201 234 26.2204
37 248 77.4178
248 37 77.4178
30 27 26.2772
27 30 26.2772
33 163 45.5048
163 33 45.5048
55 82 83.4242
82 55 83.4242
256 203 68.322
203 256 68.322
124 180 75.7521
180 124 75.7521
132 85 62.6146
85 132 62.6146
133 39 25.0441
39 133 25.0441
35 215 11.2627
215 35 11.2627
266 157 49.34
157 266 49.34
204 100 27.5617
100 204 27.5617
172 8 75.9013
8 172 75.9013
81 33 68.9391
33 81 68.9391
155 267 29.1331
267 155 29.1331
178 106 23.1884
106 178 23.1884
132 140 29.7428
140 132 29.7428
115 99 11.0073
99 115 11.0073
17 169 44.8915
169 17 44.8915
266 80 80.0937
80 266 80.0937
242 11 13.9384
11 242 13.9384
29 76 54.2407
76 29 54.2407
86 171 91.1294
171 86 91.1294
128 142 98.4848
142 128 98.4848
167 112 49.4535
112 167 49.4535
211 213 84.3962
213 211 84.3962
118 19 60.4934
19 118 60.4934
147 237 36.4825
237 147 36.4825
221 242 58.3488
242 221 58.3488
233 271 65.1976
271 233 65.1976
88 105 13.5832
105 88 13.5832
207 273 31.9277
273 207 31.9277
100 189 23.0676
189 100 23.0676
227 107 71.961
107 227 71.961
93 74 75.0182
74 93 75.0182
210 273 37.628
273 210 37.628
225 40 17.822
40 225 17.822
243 34 50.7383
34 243 50.7383
254 5 24.8044
5 254 24.8044
121 267 74.209
267 121 74.209
196 172 47.9197
172 196 47.9197
47 80 42.0299
80 47 42.0299
38 119 12.2326
119 38 12.2326
158 109 60.0799
109 158 60.0799
213 107 92.8197
107 213 92.8197
135 224 89.5409
224 135 89.5409
241 235 90.0007
235 241 90.0007
168 9 28.4943
9 168 28.4943
89 54 84.6767
54 89 84.6767
6 137 38.1466
137 6 38.1466
116 275 46.7449
275 116 46.7449
187 1 11.9989
1 187 11.9989
263 266 17.1771
266 263 17.1771
15 54 20.3234
54 15 20.3234
144 200 81.1137
200 144 81.1137
55 218 63.9831
218 55 63.9831
250 220 99.3851
220 250 99.3851
267 18 91.8758
18 267 91.8758
243 127 73.9709
127 243 73.9709
130 206 54.4887
206 130 54.4887
0 233 86.8549
233 0 86.8549
17 105 66.3705
105 17 66.3705
258 69 75.8854
69 258 75.8854
122 284 62.784
284 122 62.784
72 260 54.3378
260 72 54.3378
227 281 53.2984
281 227 53.2984
81 58 70.8601
58 81 70.8601
151 202 69.6927
202 151 69.6927
51 278 63.2689
278 51 63.2689
113 227 87.6917
227 113 87.6917
30 285 99.353
285 30 99.353
61 89 53.4842
89 61 53.4842
88 48 13.1367
48 88 13.1367
39 103 14.3525
103 39 14.3525
203 44 88.0289
44 203 88.0289
82 194 20.4386
194 82 20.4386
211 181 84.305
181 211 84.305
13 130 54.4108
130 13 54.4108
115 171 84.3888
171 115 84.3888
59 5 16.4613
5 59 16.4613
154 55 74.7487
55 154 74.7487
90 99 24.5723
99 90 24.5723
254 125 17.2083
125 254 17.2083
134 169 85.8604
169 134 85.8604
261 157 81.262
157 261 81.262
234 100 85.662
100 234 85.662
135 44 25.3099
44 135 25.3099
248 91 18.43
91 248 18.43
22 224 17.0192
224 22 17.0192
223 273 93.8924
273 223 93.8924
7 13 90.1339
13 7 90.1339
110 39 60.8931
39 110 60.8931
262 284 55.9853
284 262 55.9853
193 116 64.5512
116 193 64.5512
29 106 13.9685
106 29 13.9685
44 273 27.0282
273 44 27.0282
186 249 98.3825
249 186 98.3825
91 170 91.6767
170 91 91.6767
55 67 76.1104
67 55 76.1104
157 270 61.1027
270 157 61.1027
166 153 69.0249
153 166 69.0249
219 73 79.705
73 219 79.705
8 27 64.9125
27 8 64.9125
105 76 84.7069
76 105 84.7069
227 154 54.5222
154 227 54.5222
284 121 97.5837
121 284 97.5837
98 180 95.1659
180 98 95.1659
204 256 16.8284
256 204 16.8284
199 273 71.4998
273 199 71.4998
56 146 67.5881
146 56 67.5881
23 116 60.8004
116 23 60.8004
264 168 59.9706
168 264 59.9706
61 34 40.7707
34 61 40.7707
286 195 86.4421
195 286 86.4421
37 210 10.3646
210 37 10.3646
31 260 89.6773
260 31 89.6773
208 269 44.6375
269 208 44.6375
107 44 42.6689
44 107 42.6689
182 88 89.4562
88 182 89.4562
97 256 81.5437
256 97 81.5437
6 254 12.8458
254 6 12.8458
36 272 54.4924
272 36 54.4924
163 200 65.1913
200 163 65.1913
157 75 17.4222
75 157 17.4222
36 161 10.9685
161 36 10.9685
156 258 84.7085
258 156 84.7085
175 214 76.8624
214 175 76.8624
224 125 25.5183
125 224 25.5183
237 143 67.6295
143 237 67.6295
52 247 66.8262
247 52 66.8262
245 45 55.5675
45 245 55.5675
142 12 55.7842
12 142 55.7842
238 283 83.7546
283 238 83.7546
258 209 74.9326
209 258 74.9326
211 130 84.8054
130 211 84.8054
210 57 94.5101
57 210 94.5101
253 27 65.1115
27 253 65.1115
254 137 15.9693
137 254 15.9693
127 54 29.6113
54 127 29.6113
238 22 69.9173
22 238 69.9173
112 21 21.6846
21 112 21.6846
78 275 17.0138
275 78 17.0138
14 197 27.5776
197 14 27.5776
161 116 16.2881
116 161 16.2881
13 236 89.9915
236 13 89.9915
35 24 68.9018
24 35 68.9018
32 99 69.4253
99 32 69.4253
51 219 18.1877
219 51 18.1877
219 56 54.5361
56 219 54.5361
168 106 31.1522
106 168 31.1522
238 120 45.544
120 238 45.544
77 150 94.5419
150 77 94.5419
20 242 76.9274
242 20 76.9274
240 110 17.9543
110 240 17.9543
173 58 39.5364
58 173 39.5364
178 84 29.1622
84 178 29.1622
140 83 33.7854
83 140 33.7854
230 28 47.3333
28 230 47.3333
106 133 55.5002
133 106 55.5002
208 130 84.0033
130 208 84.0033
13 33 65.6038
33 13 65.6038
278 15 47.5812
15 278 47.5812
36 20 96.7418
20 36 96.7418
188 121 34.9706
121 188 34.9706
107 98 39.4516
98 107 39.4516
2 238 72.0751
238 2 72.0751
287 218 92.3887
218 287 92.3887
180 83 43.2285
83 180 43.2285
168 283 11.3988
283 168 11.3988
287 125 78.7988
125 287 78.7988
101 260 22.5321
260 101 22.5321
186 44 16.1902
44 186 16.1902
215 221 85.0049
221 215 85.0049
172 10 78.1859
10 172 78.1859
200 80 73.1193
80 200 73.1193
240 14 34.5303
14 240 34.5303
142 172 66.1132
172 142 66.1132
48 110 83.0392
110 48 83.0392
276 89 94.2068
89 276 94.2068
176 216 88.7305
216 176 88.7305
231 178 85.4219
178 231 85.4219
41 257 75.7174
257 41 75.7174
132 124 92.0226
124 132 92.0226
103 251 92.8711
251 103 92.8711
178 10 32.0833
10 178 32.0833
129 83 72.7141
83 129 72.7141
129 104 92.0194
104 129 92.0194
270 88 22.9828
88 270 22.9828
70 187 39.3942
187 70 39.3942
74 276 73.095
276 74 73.095
107 75 66.0632
75 107 66.0632
15 111 54.2065
111 15 54.2065
109 32 57.1583
32 109 57.1583
18 42 78.253
42 18 78.253
199 44 23.9259
44 199 23.9259
107 259 95.2002
259 107 95.2002
259 136 27.7673
136 259 27.7673
42 149 30.8286
149 42 30.8286
19 124 36.5281
124 19 36.5281
125 12 42.9457
12 125 42.9457
55 40 28.4658
40 55 28.4658
188 158 96.3443
158 188 96.3443
27 108 64.7437
108 27 64.7437
260 64 57.0007
64 260 57.0007
8 191 73.6577
191 8 73.6577
109 50 75.1335
50 109 75.1335
100 72 30.3664
72 100 30.3664
222 233 50.3776
233 222 50.3776
149 98 71.2191
98 149 71.2191
124 252 47.4724
252 124 47.4724
70 5 21.8393
5 70 21.8393
213 10 19.6155
10 213 19.6155
224 139 49.8791
139 224 49.8791
211 48 75.3233
48 211 75.3233
241 250 87.2506
250 241 87.2506
104 93 56.9379
93 104 56.9379
54 22 76.3146
22 54 76.3146
70 203 81.9138
203 70 81.9138
232 26 61.9559
26 232 61.9559
89 237 56.0508
237 89 56.0508
78 148 14.8287
148 78 14.8287
69 90 44.902
90 69 44.902
42 167 22.6193
167 42 22.6193
245 33 91.1285
33 245 91.1285
126 234 14.8704
234 126 14.8704
244 187 95.8057
187 244 95.8057
117 242 22.2235
242 117 22.2235
86 203 23.8853
203 86 23.8853
46 71 28.4024
71 46 28.4024
285 179 86.4763
179 285 86.4763
160 154 49.3652
154 160 49.3652
13 204 15.6359
204 13 15.6359
265 189 48.8431
189 265 48.8431
150 178 96.3578
178 150 96.3578
86 164 72.5398
164 86 72.5398
62 61 40.5337
61 62 40.5337
223 177 70.9184
177 223 70.9184
273 46 22.4022
46 273 22.4022
229 129 41.5997
129 229 41.5997
248 90 42.5434
90 248 42.5434
212 236 69.0622
236 212 69.0622
78 140 82.6002
140 78 82.6002
85 191 60.0466
191 85 60.0466
169 203 47.9673
203 169 47.9673
222 257 50.4291
257 222 50.4291
110 192 87.3147
192 110 87.3147
105 115 92.6955
115 105 92.6955
173 206 16.9314
206 173 16.9314
130 180 72.2954
180 130 72.2954
12 161 91.2708
161 12 91.2708
89 166 65.6262
166 89 65.6262
4 55 43.6981
55 4 43.6981
222 92 36.6966
92 222 36.6966
183 212 99.8104
212 183 99.8104
221 194 14.405
194 221 14.405
162 159 22.6491
159 162 22.6491
134 24 61.776
24 134 61.776
96 144 94.4394
144 96 94.4394
218 199 78.7846
199 218 78.7846
70 158 39.9027
158 70 39.9027
125 113 79.605
113 125 79.605
74 160 65.9508
160 74 65.9508
169 48 30.6302
48 169 30.6302
95 17 13.9737
17 95 13.9737
23 7 65.5393
7 23 65.5393
127 207 76.3965
207 127 76.3965
272 188 50.6949
188 272 50.6949
64 70 89.9876
70 64 89.9876
169 49 24.4386
49 169 24.4386
53 83 14.7336
83 53 14.7336
167 148 52.3656
148 167 52.3656
94 60 94.9923
60 94 94.9923
91 184 56.6845
184 91 56.6845
136 41 16.6087
41 136 16.6087
227 23 44.4442
23 227 44.4442
215 58 50.7723
58 215 50.7723
248 103 95.8809
103 248 95.8809
0 123 92.8982
123 0 92.8982
193 40 89.1043
40 193 89.1043
68 57 94.1573
57 68 94.1573
271 255 18.3476
255 271 18.3476
182 232 61.3042
232 182 61.3042
183 222 37.5362
222 183 37.5362
4 148 87.1263
148 4 87.1263
256 30 63.3266
30 256 63.3266
81 215 40.494
215 81 40.494
37 19 71.2174
19 37 71.2174
126 133 48.6213
133 126 48.6213
56 285 23.6185
285 56 23.6185
102 46 37.1757
46 102 37.1757
259 66 68.5681
66 259 68.5681
84 26 96.9346
26 84 96.9346
269 11 16.7278
11 269 16.7278
222 159 44.3808
159 222 44.3808
79 227 87.991
227 79 87.991
273 117 73.6715
117 273 73.6715
262 122 60.2123
122 262 60.2123
104 40 63.8992
40 104 63.8992
77 230 63.3728
230 77 63.3728
124 205 85.926
205 124 85.926
259 34 12.4022
34 259 12.4022
6 225 82.2743
225 6 82.2743
193 275 67.8099
275 193 67.8099
182 44 69.825
44 182 69.825
21 181 14.9146
181 21 14.9146
88 190 58.7851
190 88 58.7851
261 141 44.78
141 261 44.78
121 145 71.8064
145 121 71.8064
113 71 42.6481
71 113 42.6481
118 11 61.2253
11 118 61.2253
173 0 12.7421
0 173 12.7421
23 76 25.5148
76 23 25.5148
194 166 69.491
166 194 69.491
195 203 30.2128
203 195 30.2128
78 283 61.5658
283 78 61.5658
231 95 95.0861
95 231 95.0861
174 54 78.3667
54 174 78.3667
197 244 43.2425
244 197 43.2425
29 24 65.8252
24 29 65.8252
31 132 82.8952
132 31 82.8952
141 193 74.627
193 141 74.627
94 209 43.3157
209 94 43.3157
38 271 14.6304
271 38 14.6304
248 31 27.7402
31 248 27.7402
20 53 30.8845
53 20 30.8845
106 31 93.1314
31 106 93.1314
258 106 54.0097
106 258 54.0097
228 27 68.388
27 228 68.388
9 38 80.713
38 9 80.713
208 174 43.3155
174 208 43.3155
134 49 76.4404
49 134 76.4404
179 284 91.3497
284 179 91.3497
270 125 62.3388
125 270 62.3388
242 207 51.7095
207 242 51.7095
256 53 47.3384
53 256 47.3384
71 182 71.3342
182 71 71.3342
192 206 54.5745
206 192 54.5745
19 108 47.2121
108 19 47.2121
82 188 39.4276
188 82 39.4276
170 273 40.5288
273 170 40.5288
29 85 27.786
85 29 27.786
43 229 69.2685
229 43 69.2685
223 91 65.8955
91 223 65.8955
247 273 10.8378
273 247 10.8378
144 224 68.2285
224 144 68.2285
238 128 99.058
128 238 99.058
242 162 43.7388
162 242 43.7388
95 167 48.4695
167 95 48.4695
0 214 59.2244
214 0 59.2244
109 167 19.9685
167 109 19.9685
22 221 32.3442
221 22 32.3442
208 137 11.7225
137 208 11.7225
